
     Program PWSCF v.4.3        starts on 11Sep2018 at  2:17: 0 

     This program is part of the open-source Quantum ESPRESSO suite
     for quantum simulation of materials; please cite
         "P. Giannozzi et al., J. Phys.:Condens. Matter 21 395502 (2009);
          URL http://www.quantum-espresso.org", 
     in publications or presentations arising from this work. More details at
     http://www.quantum-espresso.org/wiki/index.php/Citing_Quantum-ESPRESSO

     Parallel version (MPI), running on    64 processors
     R & G space division:  proc/pool =   64

     Current dimensions of program PWSCF are:
     Max number of different atomic species (ntypx) = **
     Max number of k-points (npk) =  40000
     Max angular momentum in pseudopotentials (lmaxx) =  3
     Waiting for input...

     Atomic positions and unit cell read from directory:
     ./v2o5.O67-FCH.save/
 

     Subspace diagonalization in iterative solution of the eigenvalue problem:
     parallel, distributed-memory algorithm (size of sub-group:  5*  5 procs)

 
   Stick Mesh
   ----------
   nst = 10457,  nstw =  1035, nsts =  4177
               n.st   n.stw   n.sts    n.g    n.gw   n.gs
   min         163      16      65    9923     312    2501
   max         164      17      66    9926     317    2526
      10457    1035    4177  635163   20075  160693
 


     bravais-lattice index     =           14
     lattice parameter (a_0)   =      21.7375  a.u.
     unit-cell volume          =    7238.1051 (a.u.)^3
     number of atoms/cell      =           84
     number of atomic types    =            3
     number of electrons       =       672.00
     number of Kohn-Sham states=          806
     kinetic-energy cutoff     =      30.0000  Ry
     charge density cutoff     =     300.0000  Ry
     Exchange-correlation      = SLA  PW   PBE  PBE (1434)
     EXX-fraction              =        0.00

     celldm(1)=  21.737520  celldm(2)=   0.927671  celldm(3)=   0.759628
     celldm(4)=   0.000000  celldm(5)=   0.000000  celldm(6)=   0.000000

     crystal axes: (cart. coord. in units of a_0)
               a(1) = (   1.000000   0.000000   0.000000 )  
               a(2) = (   0.000000   0.927671   0.000000 )  
               a(3) = (   0.000000   0.000000   0.759628 )  

     reciprocal axes: (cart. coord. in units 2 pi/a_0)
               b(1) = (  1.000000  0.000000  0.000000 )  
               b(2) = (  0.000000  1.077968  0.000000 )  
               b(3) = (  0.000000  0.000000  1.316434 )  


     PseudoPot. # 1 for O  read from file O.pbe-van_bm.UPF
     MD5 check sum: ca2828d9fb1f294809e918903b7648d1
     Pseudo is Ultrasoft, Zval =  6.0
     Generated by new atomic code, or converted to UPF format
     Using radial grid of  737 points,  4 beta functions with: 
                l(1) =   0
                l(2) =   0
                l(3) =   1
                l(4) =   1
     Q(r) pseudized with  8 coefficients,  rinner =    0.800   0.800   0.800


     PseudoPot. # 2 for V  read from file V.pbe-van-yufengl.UPF
     MD5 check sum: 105a573f738f0b837c178d5a4207921b
     Pseudo is Ultrasoft + core correction, Zval = 13.0
     Generated by new atomic code, or converted to UPF format
     Using radial grid of  853 points,  6 beta functions with: 
                l(1) =   0
                l(2) =   0
                l(3) =   1
                l(4) =   1
                l(5) =   2
                l(6) =   2
     Q(r) pseudized with  6 coefficients,  rinner =    1.000   1.000   1.000
                                                       1.000   1.000

     PseudoPot. # 3 for ox read from file O.pbe-van-dgp-1s1.UPF
     MD5 check sum: 2083901d62884ac3a15d661bda1575b3
     Pseudo is Ultrasoft, Zval =  7.0
     Generated by new atomic code, or converted to UPF format
     Using radial grid of  737 points,  4 beta functions with: 
                l(1) =   0
                l(2) =   0
                l(3) =   1
                l(4) =   1
     Q(r) pseudized with  8 coefficients,  rinner =    0.800   0.800   0.800


     atomic species   valence    mass     pseudopotential
        O              6.00    15.99900     O ( 1.00)
        V             13.00    50.94000     V ( 1.00)
        OX             7.00    15.99900     ox( 1.00)

     Starting magnetic structure 
     atomic species   magnetization
        O            0.000
        V            0.010
        OX           0.000

     LDA+U calculation, Hubbard_lmax = 2
     atomic species  L   Hubbard U  Hubbard alpha
        V            2    0.227846    0.000000

      4 Sym.Ops. (no inversion)


   Cartesian axes

     site n.     atom                  positions (a_0 units)
         1           V   tau(  1) = (   0.1483269   0.0000000   0.3388149  )
         2           V   tau(  2) = (   0.1483269   0.0000000   0.7186289  )
         3           V   tau(  3) = (   0.1483269   0.3092237   0.3388149  )
         4           V   tau(  4) = (   0.1483269   0.3092237   0.7186289  )
         5           V   tau(  5) = (   0.1483269   0.6184474   0.3388149  )
         6           V   tau(  6) = (   0.1483269   0.6184474   0.7186289  )
         7           V   tau(  7) = (   0.3516731   0.1546118   0.0409986  )
         8           V   tau(  8) = (   0.3516731   0.1546118   0.4208125  )
         9           V   tau(  9) = (   0.3516731   0.4638355   0.0409986  )
        10           V   tau( 10) = (   0.3516731   0.4638355   0.4208125  )
        11           V   tau( 11) = (   0.3516731   0.7730592   0.0409986  )
        12           V   tau( 12) = (   0.3516731   0.7730592   0.4208125  )
        13           V   tau( 13) = (   0.6483270   0.1546118   0.0409980  )
        14           V   tau( 14) = (   0.6483270   0.1546118   0.4208119  )
        15           V   tau( 15) = (   0.6483270   0.4638355   0.0409980  )
        16           V   tau( 16) = (   0.6483270   0.4638355   0.4208119  )
        17           V   tau( 17) = (   0.6483270   0.7730592   0.0409980  )
        18           V   tau( 18) = (   0.6483270   0.7730592   0.4208119  )
        19           V   tau( 19) = (   0.8516731   0.0000000   0.3388154  )
        20           V   tau( 20) = (   0.8516731   0.0000000   0.7186293  )
        21           V   tau( 21) = (   0.8516731   0.3092237   0.3388154  )
        22           V   tau( 22) = (   0.8516731   0.3092237   0.7186293  )
        23           V   tau( 23) = (   0.8516731   0.6184474   0.3388154  )
        24           V   tau( 24) = (   0.8516731   0.6184474   0.7186293  )
        25           O   tau( 25) = (   0.1813361   0.1546118   0.3796345  )
        26           O   tau( 26) = (   0.1813361   0.1546118   0.7594484  )
        27           O   tau( 27) = (   0.1813361   0.4638355   0.3796345  )
        28           O   tau( 28) = (   0.1813361   0.4638355   0.7594484  )
        29           O   tau( 29) = (   0.1813361   0.7730592   0.3796345  )
        30           O   tau( 30) = (   0.1813361   0.7730592   0.7594484  )
        31           O   tau( 31) = (   0.3186639   0.0000000   0.0001795  )
        32           O   tau( 32) = (   0.3186639   0.0000000   0.3799935  )
        33           O   tau( 33) = (   0.3186639   0.3092237   0.0001795  )
        34           O   tau( 34) = (   0.3186639   0.3092237   0.3799935  )
        35           O   tau( 35) = (   0.3186639   0.6184474   0.0001795  )
        36           O   tau( 36) = (   0.3186639   0.6184474   0.3799935  )
        37           O   tau( 37) = (   0.6813362   0.0000000   0.0001795  )
        38           O   tau( 38) = (   0.6813362   0.0000000   0.3799935  )
        39           O   tau( 39) = (   0.6813362   0.3092237   0.0001795  )
        40           O   tau( 40) = (   0.6813362   0.3092237   0.3799935  )
        41           O   tau( 41) = (   0.6813362   0.6184474   0.0001795  )
        42           O   tau( 42) = (   0.6813362   0.6184474   0.3799935  )
        43           O   tau( 43) = (   0.8186639   0.1546118   0.3796345  )
        44           O   tau( 44) = (   0.8186639   0.1546118   0.7594485  )
        45           O   tau( 45) = (   0.8186639   0.4638355   0.3796345  )
        46           O   tau( 46) = (   0.8186639   0.4638355   0.7594485  )
        47           O   tau( 47) = (   0.8186639   0.7730592   0.3796345  )
        48           O   tau( 48) = (   0.8186639   0.7730592   0.7594485  )
        49           O   tau( 49) = (   0.8552736   0.0000000   0.2004983  )
        50           O   tau( 50) = (   0.8552736   0.0000000   0.5803123  )
        51           O   tau( 51) = (   0.8552736   0.3092237   0.2004983  )
        52           O   tau( 52) = (   0.8552736   0.3092237   0.5803123  )
        53           O   tau( 53) = (   0.8552736   0.6184474   0.2004983  )
        54           O   tau( 54) = (   0.8552736   0.6184474   0.5803123  )
        55           O   tau( 55) = (   0.6447264   0.1546118   0.1793162  )
        56           O   tau( 56) = (   0.6447264   0.1546118   0.5591301  )
        57           O   tau( 57) = (   0.6447264   0.4638355   0.1793162  )
        58           O   tau( 58) = (   0.6447264   0.4638355   0.5591301  )
        59           O   tau( 59) = (   0.6447264   0.7730592   0.1793162  )
        60           O   tau( 60) = (   0.6447264   0.7730592   0.5591301  )
        61           O   tau( 61) = (   0.3552736   0.1546118   0.1793157  )
        62           O   tau( 62) = (   0.3552736   0.1546118   0.5591297  )
        63           O   tau( 63) = (   0.3552736   0.4638355   0.1793157  )
        64           O   tau( 64) = (   0.3552736   0.4638355   0.5591297  )
        65           O   tau( 65) = (   0.3552736   0.7730592   0.1793157  )
        66           O   tau( 66) = (   0.3552736   0.7730592   0.5591297  )
        67           OX  tau( 67) = (   0.5000000   0.1546118   0.3788864  )
        68           O   tau( 68) = (   0.5000000   0.1546118   0.7587004  )
        69           O   tau( 69) = (   0.5000000   0.4638355   0.3788864  )
        70           O   tau( 70) = (   0.5000000   0.4638355   0.7587004  )
        71           O   tau( 71) = (   0.5000000   0.7730592   0.3788864  )
        72           O   tau( 72) = (   0.5000000   0.7730592   0.7587004  )
        73           O   tau( 73) = (  -0.0000000   0.0000000   0.0009276  )
        74           O   tau( 74) = (  -0.0000000   0.0000000   0.3807415  )
        75           O   tau( 75) = (  -0.0000000   0.3092237   0.0009276  )
        76           O   tau( 76) = (  -0.0000000   0.3092237   0.3807415  )
        77           O   tau( 77) = (  -0.0000000   0.6184474   0.0009276  )
        78           O   tau( 78) = (  -0.0000000   0.6184474   0.3807415  )
        79           O   tau( 79) = (   0.1447264   0.0000000   0.2004987  )
        80           O   tau( 80) = (   0.1447264   0.0000000   0.5803126  )
        81           O   tau( 81) = (   0.1447264   0.3092237   0.2004987  )
        82           O   tau( 82) = (   0.1447264   0.3092237   0.5803126  )
        83           O   tau( 83) = (   0.1447264   0.6184474   0.2004987  )
        84           O   tau( 84) = (   0.1447264   0.6184474   0.5803126  )

     number of k points=     2  Fermi-Dirac smearing, width (Ry)=  0.0019
                       cart. coord. in units 2pi/a_0
        k(    1) = (   0.0000000   0.0000000   0.0000000), wk =   1.0000000
        k(    2) = (   0.0000000   0.0000000   0.0000000), wk =   1.0000000

     G cutoff = 3590.7196  ( 635163 G-vectors)     FFT grid: (120,120, 96)
     G cutoff = 1436.2879  ( 160693 G-vectors)  smooth grid: ( 75, 72, 60)

     Largest allocated arrays     est. size (Mb)     dimensions
        Kohn-Sham Wavefunctions         3.86 Mb     (    314, 806)
        Atomic wavefunctions            2.30 Mb     (    314, 480)
        NL pseudopotentials             4.37 Mb     (    314, 912)
        Each V/rho on FFT grid          0.88 Mb     (  28800,   2)
        Each G-vector array             0.08 Mb     (   9926)
        G-vector shells                 0.04 Mb     (   4971)
     Largest temporary arrays     est. size (Mb)     dimensions
        Auxiliary wavefunctions        15.45 Mb     (    314,3224)
        Each subspace H/S matrix      158.60 Mb     (   3224,3224)
        Each <psi_i|beta_j> matrix     11.22 Mb     (    912, 806)

     Check: negative/imaginary core charge=   -0.000004    0.000000

     The potential is recalculated from file :
     ./v2o5.O67-FCH.save/charge-density.dat


     negative rho (up, down):  0.119E-01 0.119E-01

     Parameters of the lda+U calculation:
     Number of iteration with fixed ns =  0
     Starting ns and Hubbard U :
 enter write_ns
U( 1) =  0.0000      U( 2) =  3.1000      U( 3) =  0.0000
alpha( 1) =  0.0000      alpha( 2) =  0.0000      alpha( 3) =  0.0000
atom    1   Tr[ns(na)]=   4.6393878
atom    1   spin  1
eigenvalues:  0.3167447 0.4741134 0.4767249 0.5000889 0.5520441
 eigenvectors
 1  -0.0042894 -0.0020132  0.0288546 -0.0036442  0.9995657
 2   0.0484678 -0.8228618  0.2145337  0.5239196 -0.0057322
 3  -0.0055588  0.2118883  0.9746390 -0.0660961 -0.0279731
 4   0.0717237  0.5272449 -0.0567523  0.8447548  0.0060878
 5   0.9962215  0.0032479 -0.0007889 -0.0866928  0.0039883
 occupations
 0.552  0.001 -0.000 -0.005  0.001
 0.001  0.481 -0.000  0.012  0.000
-0.000 -0.000  0.477 -0.001 -0.005
-0.005  0.012 -0.001  0.493  0.001
 0.001  0.000 -0.005  0.001  0.317
atom    1   spin  2
eigenvalues:  0.3167371 0.4741011 0.4767113 0.5000833 0.5520390
 eigenvectors
 1  -0.0042911 -0.0020133  0.0288614 -0.0036465  0.9995655
 2   0.0484464 -0.8229654  0.2144097  0.5238097 -0.0057296
 3  -0.0055477  0.2117903  0.9746665 -0.0660037 -0.0279805
 4   0.0717361  0.5271227 -0.0567468  0.8448303  0.0060902
 5   0.9962217  0.0032345 -0.0007886 -0.0866909  0.0039897
 occupations
 0.552  0.001 -0.000 -0.005  0.001
 0.001  0.481 -0.000  0.012  0.000
-0.000 -0.000  0.477 -0.001 -0.005
-0.005  0.012 -0.001  0.493  0.001
 0.001  0.000 -0.005  0.001  0.317
atom    2   Tr[ns(na)]=   4.6416159
atom    2   spin  1
eigenvalues:  0.3180166 0.4737286 0.4763971 0.5021687 0.5504953
 eigenvectors
 1  -0.0011437 -0.0012473  0.0214063 -0.0025817  0.9997661
 2  -0.0057946  0.0857612  0.9959115 -0.0178672 -0.0212696
 3   0.0493488 -0.9145292  0.0860350  0.3921674 -0.0019140
 4  -0.0786754 -0.3950523  0.0170730 -0.9151182 -0.0033115
 5  -0.9956606 -0.0146089 -0.0029055  0.0918554 -0.0008578
 occupations
 0.550  0.002  0.000 -0.005  0.000
 0.002  0.480 -0.000  0.009  0.000
 0.000 -0.000  0.474 -0.000 -0.003
-0.005  0.009 -0.000  0.499  0.000
 0.000  0.000 -0.003  0.000  0.318
atom    2   spin  2
eigenvalues:  0.3180173 0.4737297 0.4763978 0.5021692 0.5504956
 eigenvectors
 1  -0.0011439 -0.0012473  0.0214062 -0.0025819  0.9997661
 2  -0.0057938  0.0857588  0.9959118 -0.0178666 -0.0212695
 3   0.0493480 -0.9145283  0.0860325  0.3921703 -0.0019138
 4  -0.0786752 -0.3950551  0.0170729 -0.9151171 -0.0033117
 5  -0.9956606 -0.0146079 -0.0029049  0.0918549 -0.0008581
 occupations
 0.550  0.002  0.000 -0.005  0.000
 0.002  0.480 -0.000  0.009  0.000
 0.000 -0.000  0.474 -0.000 -0.003
-0.005  0.009 -0.000  0.499  0.000
 0.000  0.000 -0.003  0.000  0.318
atom    3   Tr[ns(na)]=   4.6393878
atom    3   spin  1
eigenvalues:  0.3167447 0.4741134 0.4767249 0.5000889 0.5520441
 eigenvectors
 1   0.0042894  0.0020132  0.0288546  0.0036442  0.9995657
 2  -0.0484678  0.8228618  0.2145337 -0.5239196 -0.0057322
 3  -0.0055588  0.2118883 -0.9746390 -0.0660961  0.0279731
 4   0.0717237  0.5272449  0.0567523  0.8447548 -0.0060878
 5   0.9962215  0.0032479  0.0007889 -0.0866928 -0.0039883
 occupations
 0.552  0.001  0.000 -0.005 -0.001
 0.001  0.481  0.000  0.012 -0.000
 0.000  0.000  0.477  0.001 -0.005
-0.005  0.012  0.001  0.493 -0.001
-0.001 -0.000 -0.005 -0.001  0.317
atom    3   spin  2
eigenvalues:  0.3167371 0.4741011 0.4767113 0.5000833 0.5520390
 eigenvectors
 1   0.0042911  0.0020133  0.0288614  0.0036465  0.9995655
 2  -0.0484464  0.8229654  0.2144097 -0.5238097 -0.0057296
 3  -0.0055477  0.2117903 -0.9746665 -0.0660037  0.0279805
 4   0.0717361  0.5271227  0.0567468  0.8448303 -0.0060902
 5   0.9962217  0.0032345  0.0007886 -0.0866909 -0.0039897
 occupations
 0.552  0.001  0.000 -0.005 -0.001
 0.001  0.481  0.000  0.012 -0.000
 0.000  0.000  0.477  0.001 -0.005
-0.005  0.012  0.001  0.493 -0.001
-0.001 -0.000 -0.005 -0.001  0.317
atom    4   Tr[ns(na)]=   4.6416159
atom    4   spin  1
eigenvalues:  0.3180166 0.4737286 0.4763971 0.5021687 0.5504953
 eigenvectors
 1   0.0011437  0.0012473  0.0214063  0.0025817  0.9997661
 2  -0.0057946  0.0857612 -0.9959115 -0.0178672  0.0212696
 3  -0.0493488  0.9145292  0.0860350 -0.3921674 -0.0019140
 4  -0.0786754 -0.3950523 -0.0170730 -0.9151182  0.0033115
 5  -0.9956606 -0.0146089  0.0029055  0.0918554  0.0008578
 occupations
 0.550  0.002 -0.000 -0.005 -0.000
 0.002  0.480  0.000  0.009 -0.000
-0.000  0.000  0.474  0.000 -0.003
-0.005  0.009  0.000  0.499 -0.000
-0.000 -0.000 -0.003 -0.000  0.318
atom    4   spin  2
eigenvalues:  0.3180173 0.4737297 0.4763978 0.5021692 0.5504956
 eigenvectors
 1   0.0011439  0.0012473  0.0214062  0.0025819  0.9997661
 2  -0.0057938  0.0857588 -0.9959118 -0.0178666  0.0212695
 3  -0.0493480  0.9145283  0.0860325 -0.3921703 -0.0019138
 4  -0.0786752 -0.3950551 -0.0170729 -0.9151171  0.0033117
 5  -0.9956606 -0.0146079  0.0029049  0.0918549  0.0008581
 occupations
 0.550  0.002 -0.000 -0.005 -0.000
 0.002  0.480  0.000  0.009 -0.000
-0.000  0.000  0.474  0.000 -0.003
-0.005  0.009  0.000  0.499 -0.000
-0.000 -0.000 -0.003 -0.000  0.318
atom    5   Tr[ns(na)]=   4.6396089
atom    5   spin  1
eigenvalues:  0.3149926 0.4746820 0.4781384 0.5002141 0.5517786
 eigenvectors
 1  -0.0000000 -0.0000000  0.0250154  0.0000000  0.9996871
 2   0.0000000 -0.0000000 -0.9996871  0.0000000  0.0250154
 3   0.0567761 -0.8792308  0.0000000  0.4730007 -0.0000000
 4   0.0866547  0.4763168  0.0000000  0.8749933 -0.0000000
 5  -0.9946192 -0.0086909  0.0000000  0.1032329 -0.0000000
 occupations
 0.551  0.002 -0.000 -0.006  0.000
 0.002  0.483 -0.000  0.009  0.000
-0.000 -0.000  0.475  0.000 -0.004
-0.006  0.009  0.000  0.496 -0.000
 0.000  0.000 -0.004 -0.000  0.315
atom    5   spin  2
eigenvalues:  0.3149916 0.4746813 0.4781379 0.5002138 0.5517785
 eigenvectors
 1  -0.0000000 -0.0000000  0.0250184  0.0000000  0.9996870
 2   0.0000000 -0.0000000 -0.9996870  0.0000000  0.0250184
 3   0.0567768 -0.8792317  0.0000000  0.4729990 -0.0000000
 4   0.0866553  0.4763152 -0.0000000  0.8749941 -0.0000000
 5  -0.9946191 -0.0086915  0.0000000  0.1032338 -0.0000000
 occupations
 0.551  0.002 -0.000 -0.006  0.000
 0.002  0.483 -0.000  0.009  0.000
-0.000 -0.000  0.475  0.000 -0.004
-0.006  0.009  0.000  0.496 -0.000
 0.000  0.000 -0.004 -0.000  0.315
atom    6   Tr[ns(na)]=   4.6407716
atom    6   spin  1
eigenvalues:  0.3164075 0.4740027 0.4775633 0.5015269 0.5508777
 eigenvectors
 1  -0.0000000 -0.0000000  0.0228838  0.0000000  0.9997381
 2   0.0000000 -0.0000000 -0.9997381  0.0000000  0.0228838
 3   0.0519668 -0.9091136  0.0000000  0.4132939 -0.0000000
 4   0.0839435  0.4163650  0.0000000  0.9053141 -0.0000000
 5  -0.9951145 -0.0123530  0.0000000  0.0979513 -0.0000000
 occupations
 0.550  0.002 -0.000 -0.005  0.000
 0.002  0.482 -0.000  0.009  0.000
-0.000 -0.000  0.474  0.000 -0.004
-0.005  0.009  0.000  0.498 -0.000
 0.000  0.000 -0.004 -0.000  0.316
atom    6   spin  2
eigenvalues:  0.3164099 0.4740076 0.4775677 0.5015286 0.5508797
 eigenvectors
 1  -0.0000000 -0.0000000  0.0228826  0.0000000  0.9997382
 2   0.0000000 -0.0000000 -0.9997382  0.0000000  0.0228826
 3   0.0519753 -0.9090972  0.0000000  0.4133289 -0.0000000
 4   0.0839397  0.4164007  0.0000000  0.9052981 -0.0000000
 5  -0.9951144 -0.0123584  0.0000000  0.0979519 -0.0000000
 occupations
 0.550  0.002 -0.000 -0.005  0.000
 0.002  0.482 -0.000  0.009  0.000
-0.000 -0.000  0.474  0.000 -0.004
-0.005  0.009  0.000  0.498 -0.000
 0.000  0.000 -0.004 -0.000  0.316
atom    7   Tr[ns(na)]=   4.6424294
atom    7   spin  1
eigenvalues:  0.3198212 0.4738636 0.4762988 0.5033122 0.5479214
 eigenvectors
 1  -0.0000000 -0.0000000  0.0209830  0.0000000  0.9997798
 2   0.0000000 -0.0000000 -0.9997798  0.0000000  0.0209830
 3   0.0172507 -0.9516600  0.0000000  0.3066688 -0.0000000
 4   0.0896905  0.3069508 -0.0000000  0.9474898 -0.0000000
 5  -0.9958203  0.0111604  0.0000000  0.0906500 -0.0000000
 occupations
 0.548 -0.000 -0.000 -0.004  0.000
-0.000  0.479 -0.000  0.008  0.000
-0.000 -0.000  0.474  0.000 -0.003
-0.004  0.008  0.000  0.501 -0.000
 0.000  0.000 -0.003 -0.000  0.320
atom    7   spin  2
eigenvalues:  0.3198205 0.4738620 0.4762973 0.5033119 0.5479206
 eigenvectors
 1  -0.0000000 -0.0000000  0.0209837  0.0000000  0.9997798
 2   0.0000000 -0.0000000 -0.9997798  0.0000000  0.0209837
 3   0.0172482 -0.9516643  0.0000000  0.3066556 -0.0000000
 4   0.0896909  0.3069374  0.0000000  0.9474941 -0.0000000
 5  -0.9958203  0.0111617  0.0000000  0.0906497 -0.0000000
 occupations
 0.548 -0.000 -0.000 -0.004  0.000
-0.000  0.479 -0.000  0.008  0.000
-0.000 -0.000  0.474  0.000 -0.003
-0.004  0.008  0.000  0.501 -0.000
 0.000  0.000 -0.003 -0.000  0.320
atom    8   Tr[ns(na)]=   4.5497885
atom    8   spin  1
eigenvalues:  0.2786373 0.4586860 0.4890263 0.4948320 0.5538420
 eigenvectors
 1  -0.0000000 -0.0000000  0.0594757  0.0000000  0.9982298
 2  -0.1802729  0.7822955  0.0000000  0.5962511 -0.0000000
 3   0.2075609  0.6227874  0.0000000 -0.7543569 -0.0000000
 4   0.0000000  0.0000000 -0.9982298 -0.0000000  0.0594757
 5  -0.9614677 -0.0122317  0.0000000 -0.2746457 -0.0000000
 occupations
 0.548  0.005 -0.000  0.020  0.000
 0.005  0.470 -0.000 -0.014  0.000
-0.000 -0.000  0.494  0.000 -0.013
 0.020 -0.014  0.000  0.483 -0.000
 0.000  0.000 -0.013 -0.000  0.279
atom    8   spin  2
eigenvalues:  0.2786095 0.4586273 0.4889625 0.4947523 0.5538135
 eigenvectors
 1  -0.0000000 -0.0000000  0.0595093  0.0000000  0.9982278
 2  -0.1799646  0.7831003  0.0000000  0.5952871 -0.0000000
 3  -0.2078650 -0.6217767 -0.0000000  0.7551065  0.0000000
 4   0.0000000  0.0000000 -0.9982278 -0.0000000  0.0595093
 5  -0.9614598 -0.0121531  0.0000000 -0.2746769 -0.0000000
 occupations
 0.548  0.005 -0.000  0.020  0.000
 0.005  0.470 -0.000 -0.014  0.000
-0.000 -0.000  0.494  0.000 -0.013
 0.020 -0.014  0.000  0.483 -0.000
 0.000  0.000 -0.013 -0.000  0.279
atom    9   Tr[ns(na)]=   4.6407829
atom    9   spin  1
eigenvalues:  0.3162520 0.4736542 0.4780663 0.5018630 0.5505560
 eigenvectors
 1  -0.0025415  0.0001219  0.0227842 -0.0047605  0.9997258
 2  -0.0016039 -0.0148819  0.9993544  0.0235159 -0.0226660
 3  -0.0508701  0.9176715  0.0227813 -0.3934023 -0.0026337
 4  -0.0858482 -0.3968596  0.0153426 -0.9137141 -0.0048704
 5   0.9950042  0.0126520  0.0041575 -0.0989217  0.0019621
 occupations
 0.550  0.002  0.000 -0.005  0.001
 0.002  0.482 -0.000  0.009  0.000
 0.000 -0.000  0.474 -0.000 -0.004
-0.005  0.009 -0.000  0.499  0.001
 0.001  0.000 -0.004  0.001  0.316
atom    9   spin  2
eigenvalues:  0.3162522 0.4736539 0.4780661 0.5018632 0.5505561
 eigenvectors
 1  -0.0025417  0.0001218  0.0227848 -0.0047609  0.9997258
 2  -0.0016036 -0.0148862  0.9993542  0.0235192 -0.0226666
 3  -0.0508691  0.9176748  0.0227865 -0.3933944 -0.0026339
 4  -0.0858494 -0.3968517  0.0153441 -0.9137174 -0.0048709
 5   0.9950041  0.0126515  0.0041576 -0.0989223  0.0019623
 occupations
 0.550  0.002  0.000 -0.005  0.001
 0.002  0.482 -0.000  0.009  0.000
 0.000 -0.000  0.474 -0.000 -0.004
-0.005  0.009 -0.000  0.499  0.001
 0.001  0.000 -0.004  0.001  0.316
atom   10   Tr[ns(na)]=   4.6407660
atom   10   spin  1
eigenvalues:  0.3125649 0.4741418 0.4805185 0.5008434 0.5523375
 eigenvectors
 1  -0.0096740  0.0021619  0.0249640 -0.0187541  0.9994633
 2  -0.0181121  0.0793384 -0.9883486 -0.1267365  0.0219614
 3  -0.0588151  0.8916426  0.1275115 -0.4301929 -0.0137551
 4   0.0899886  0.4455124 -0.0792173  0.8870186  0.0185302
 5   0.9939926  0.0138924 -0.0030496 -0.1082506  0.0076359
 occupations
 0.552  0.002 -0.000 -0.006  0.002
 0.002  0.485 -0.000  0.008 -0.000
-0.000 -0.000  0.474 -0.002 -0.004
-0.006  0.008 -0.002  0.497  0.003
 0.002 -0.000 -0.004  0.003  0.313
atom   10   spin  2
eigenvalues:  0.3125571 0.4741255 0.4805066 0.5008383 0.5523325
 eigenvectors
 1  -0.0096765  0.0021617  0.0249748 -0.0187555  0.9994629
 2  -0.0180950  0.0791665 -0.9883773 -0.1266199  0.0219752
 3  -0.0588018  0.8917154  0.1272956 -0.4301078 -0.0137501
 4   0.0900092  0.4453975 -0.0792028  0.8870754  0.0185337
 5   0.9939918  0.0138815 -0.0030471 -0.1082592  0.0076381
 occupations
 0.552  0.002 -0.000 -0.006  0.002
 0.002  0.485 -0.000  0.008 -0.000
-0.000 -0.000  0.474 -0.002 -0.004
-0.006  0.008 -0.002  0.497  0.003
 0.002 -0.000 -0.004  0.003  0.313
atom   11   Tr[ns(na)]=   4.6407829
atom   11   spin  1
eigenvalues:  0.3162520 0.4736542 0.4780663 0.5018630 0.5505560
 eigenvectors
 1   0.0025415 -0.0001219  0.0227842  0.0047605  0.9997258
 2  -0.0016039 -0.0148819 -0.9993544  0.0235159  0.0226660
 3   0.0508701 -0.9176715  0.0227813  0.3934023 -0.0026337
 4  -0.0858482 -0.3968596 -0.0153426 -0.9137141  0.0048704
 5   0.9950042  0.0126520 -0.0041575 -0.0989217 -0.0019621
 occupations
 0.550  0.002 -0.000 -0.005 -0.001
 0.002  0.482  0.000  0.009 -0.000
-0.000  0.000  0.474  0.000 -0.004
-0.005  0.009  0.000  0.499 -0.001
-0.001 -0.000 -0.004 -0.001  0.316
atom   11   spin  2
eigenvalues:  0.3162522 0.4736539 0.4780661 0.5018632 0.5505561
 eigenvectors
 1   0.0025417 -0.0001218  0.0227848  0.0047609  0.9997258
 2  -0.0016036 -0.0148862 -0.9993542  0.0235192  0.0226666
 3   0.0508691 -0.9176748  0.0227865  0.3933944 -0.0026339
 4  -0.0858494 -0.3968517 -0.0153441 -0.9137174  0.0048709
 5   0.9950041  0.0126515 -0.0041576 -0.0989223 -0.0019623
 occupations
 0.550  0.002 -0.000 -0.005 -0.001
 0.002  0.482  0.000  0.009 -0.000
-0.000  0.000  0.474  0.000 -0.004
-0.005  0.009  0.000  0.499 -0.001
-0.001 -0.000 -0.004 -0.001  0.316
atom   12   Tr[ns(na)]=   4.6407660
atom   12   spin  1
eigenvalues:  0.3125649 0.4741418 0.4805185 0.5008434 0.5523375
 eigenvectors
 1   0.0096740 -0.0021619  0.0249640  0.0187541  0.9994633
 2   0.0181121 -0.0793384 -0.9883486  0.1267365  0.0219614
 3  -0.0588151  0.8916426 -0.1275115 -0.4301929  0.0137551
 4   0.0899886  0.4455124  0.0792173  0.8870186 -0.0185302
 5   0.9939926  0.0138924  0.0030496 -0.1082506 -0.0076359
 occupations
 0.552  0.002  0.000 -0.006 -0.002
 0.002  0.485  0.000  0.008  0.000
 0.000  0.000  0.474  0.002 -0.004
-0.006  0.008  0.002  0.497 -0.003
-0.002  0.000 -0.004 -0.003  0.313
atom   12   spin  2
eigenvalues:  0.3125571 0.4741255 0.4805066 0.5008383 0.5523325
 eigenvectors
 1   0.0096765 -0.0021617  0.0249748  0.0187555  0.9994629
 2   0.0180950 -0.0791665 -0.9883773  0.1266199  0.0219752
 3  -0.0588018  0.8917154 -0.1272956 -0.4301078  0.0137501
 4   0.0900092  0.4453975  0.0792028  0.8870754 -0.0185337
 5   0.9939918  0.0138815  0.0030471 -0.1082592 -0.0076381
 occupations
 0.552  0.002  0.000 -0.006 -0.002
 0.002  0.485  0.000  0.008  0.000
 0.000  0.000  0.474  0.002 -0.004
-0.006  0.008  0.002  0.497 -0.003
-0.002  0.000 -0.004 -0.003  0.313
atom   13   Tr[ns(na)]=   4.6424294
atom   13   spin  1
eigenvalues:  0.3198212 0.4738636 0.4762988 0.5033122 0.5479214
 eigenvectors
 1  -0.0000000 -0.0000000 -0.0209830  0.0000000  0.9997798
 2   0.0000000  0.0000000  0.9997798  0.0000000  0.0209830
 3  -0.0172507 -0.9516600  0.0000000 -0.3066688  0.0000000
 4  -0.0896905  0.3069508 -0.0000000 -0.9474898  0.0000000
 5   0.9958203  0.0111604 -0.0000000 -0.0906500  0.0000000
 occupations
 0.548  0.000 -0.000 -0.004  0.000
 0.000  0.479 -0.000 -0.008  0.000
-0.000 -0.000  0.474  0.000  0.003
-0.004 -0.008  0.000  0.501 -0.000
 0.000  0.000  0.003 -0.000  0.320
atom   13   spin  2
eigenvalues:  0.3198205 0.4738620 0.4762973 0.5033119 0.5479206
 eigenvectors
 1  -0.0000000 -0.0000000 -0.0209837  0.0000000  0.9997798
 2   0.0000000  0.0000000  0.9997798  0.0000000  0.0209837
 3  -0.0172482 -0.9516643  0.0000000 -0.3066556  0.0000000
 4  -0.0896909  0.3069374 -0.0000000 -0.9474941  0.0000000
 5   0.9958203  0.0111617 -0.0000000 -0.0906497  0.0000000
 occupations
 0.548  0.000 -0.000 -0.004  0.000
 0.000  0.479 -0.000 -0.008  0.000
-0.000 -0.000  0.474  0.000  0.003
-0.004 -0.008  0.000  0.501 -0.000
 0.000  0.000  0.003 -0.000  0.320
atom   14   Tr[ns(na)]=   4.5497885
atom   14   spin  1
eigenvalues:  0.2786373 0.4586860 0.4890263 0.4948320 0.5538420
 eigenvectors
 1  -0.0000000 -0.0000000 -0.0594757  0.0000000  0.9982298
 2   0.1802729  0.7822955  0.0000000 -0.5962511  0.0000000
 3  -0.2075609  0.6227874  0.0000000  0.7543569  0.0000000
 4   0.0000000 -0.0000000  0.9982298 -0.0000000  0.0594757
 5  -0.9614677  0.0122317  0.0000000 -0.2746457 -0.0000000
 occupations
 0.548 -0.005 -0.000  0.020  0.000
-0.005  0.470 -0.000  0.014  0.000
-0.000 -0.000  0.494  0.000  0.013
 0.020  0.014  0.000  0.483 -0.000
 0.000  0.000  0.013 -0.000  0.279
atom   14   spin  2
eigenvalues:  0.2786095 0.4586273 0.4889625 0.4947523 0.5538135
 eigenvectors
 1  -0.0000000 -0.0000000 -0.0595093  0.0000000  0.9982278
 2   0.1799646  0.7831003  0.0000000 -0.5952871  0.0000000
 3  -0.2078650  0.6217767  0.0000000  0.7551065  0.0000000
 4   0.0000000 -0.0000000  0.9982278 -0.0000000  0.0595093
 5  -0.9614598  0.0121531  0.0000000 -0.2746769 -0.0000000
 occupations
 0.548 -0.005 -0.000  0.020  0.000
-0.005  0.470 -0.000  0.014  0.000
-0.000 -0.000  0.494  0.000  0.013
 0.020  0.014  0.000  0.483 -0.000
 0.000  0.000  0.013 -0.000  0.279
atom   15   Tr[ns(na)]=   4.6407829
atom   15   spin  1
eigenvalues:  0.3162520 0.4736542 0.4780663 0.5018630 0.5505560
 eigenvectors
 1   0.0025415  0.0001219 -0.0227842  0.0047605  0.9997258
 2  -0.0016039  0.0148819  0.9993544  0.0235159  0.0226660
 3  -0.0508701 -0.9176715  0.0227813 -0.3934023  0.0026337
 4   0.0858482 -0.3968596 -0.0153426  0.9137141 -0.0048704
 5   0.9950042 -0.0126520  0.0041575 -0.0989217 -0.0019621
 occupations
 0.550 -0.002  0.000 -0.005 -0.001
-0.002  0.482  0.000 -0.009  0.000
 0.000  0.000  0.474 -0.000  0.004
-0.005 -0.009 -0.000  0.499 -0.001
-0.001  0.000  0.004 -0.001  0.316
atom   15   spin  2
eigenvalues:  0.3162522 0.4736539 0.4780661 0.5018632 0.5505561
 eigenvectors
 1   0.0025417  0.0001218 -0.0227848  0.0047609  0.9997258
 2  -0.0016036  0.0148862  0.9993542  0.0235192  0.0226666
 3  -0.0508691 -0.9176748  0.0227865 -0.3933944  0.0026339
 4   0.0858494 -0.3968517 -0.0153441  0.9137174 -0.0048709
 5   0.9950041 -0.0126515  0.0041576 -0.0989223 -0.0019623
 occupations
 0.550 -0.002  0.000 -0.005 -0.001
-0.002  0.482  0.000 -0.009  0.000
 0.000  0.000  0.474 -0.000  0.004
-0.005 -0.009 -0.000  0.499 -0.001
-0.001  0.000  0.004 -0.001  0.316
atom   16   Tr[ns(na)]=   4.6407660
atom   16   spin  1
eigenvalues:  0.3125649 0.4741418 0.4805185 0.5008434 0.5523375
 eigenvectors
 1   0.0096740  0.0021619 -0.0249640  0.0187541  0.9994633
 2   0.0181121  0.0793384  0.9883486  0.1267365  0.0219614
 3  -0.0588151 -0.8916426  0.1275115 -0.4301929  0.0137551
 4   0.0899886 -0.4455124 -0.0792173  0.8870186 -0.0185302
 5   0.9939926 -0.0138924 -0.0030496 -0.1082506 -0.0076359
 occupations
 0.552 -0.002 -0.000 -0.006 -0.002
-0.002  0.485  0.000 -0.008 -0.000
-0.000  0.000  0.474 -0.002  0.004
-0.006 -0.008 -0.002  0.497 -0.003
-0.002 -0.000  0.004 -0.003  0.313
atom   16   spin  2
eigenvalues:  0.3125571 0.4741255 0.4805066 0.5008383 0.5523325
 eigenvectors
 1   0.0096765  0.0021617 -0.0249748  0.0187555  0.9994629
 2   0.0180950  0.0791665  0.9883773  0.1266199  0.0219752
 3  -0.0588018 -0.8917154  0.1272956 -0.4301078  0.0137501
 4   0.0900092 -0.4453975 -0.0792028  0.8870754 -0.0185337
 5   0.9939918 -0.0138815 -0.0030471 -0.1082592 -0.0076381
 occupations
 0.552 -0.002 -0.000 -0.006 -0.002
-0.002  0.485  0.000 -0.008 -0.000
-0.000  0.000  0.474 -0.002  0.004
-0.006 -0.008 -0.002  0.497 -0.003
-0.002 -0.000  0.004 -0.003  0.313
atom   17   Tr[ns(na)]=   4.6407829
atom   17   spin  1
eigenvalues:  0.3162520 0.4736542 0.4780663 0.5018630 0.5505560
 eigenvectors
 1  -0.0025415 -0.0001219 -0.0227842 -0.0047605  0.9997258
 2  -0.0016039  0.0148819 -0.9993544  0.0235159 -0.0226660
 3   0.0508701  0.9176715  0.0227813  0.3934023  0.0026337
 4   0.0858482 -0.3968596  0.0153426  0.9137141  0.0048704
 5   0.9950042 -0.0126520 -0.0041575 -0.0989217  0.0019621
 occupations
 0.550 -0.002 -0.000 -0.005  0.001
-0.002  0.482 -0.000 -0.009 -0.000
-0.000 -0.000  0.474  0.000  0.004
-0.005 -0.009  0.000  0.499  0.001
 0.001 -0.000  0.004  0.001  0.316
atom   17   spin  2
eigenvalues:  0.3162522 0.4736539 0.4780661 0.5018632 0.5505561
 eigenvectors
 1  -0.0025417 -0.0001218 -0.0227848 -0.0047609  0.9997258
 2  -0.0016036  0.0148862 -0.9993542  0.0235192 -0.0226666
 3   0.0508691  0.9176748  0.0227865  0.3933944  0.0026339
 4   0.0858494 -0.3968517  0.0153441  0.9137174  0.0048709
 5   0.9950041 -0.0126515 -0.0041576 -0.0989223  0.0019623
 occupations
 0.550 -0.002 -0.000 -0.005  0.001
-0.002  0.482 -0.000 -0.009 -0.000
-0.000 -0.000  0.474  0.000  0.004
-0.005 -0.009  0.000  0.499  0.001
 0.001 -0.000  0.004  0.001  0.316
atom   18   Tr[ns(na)]=   4.6407660
atom   18   spin  1
eigenvalues:  0.3125649 0.4741418 0.4805185 0.5008434 0.5523375
 eigenvectors
 1  -0.0096740 -0.0021619 -0.0249640 -0.0187541  0.9994633
 2  -0.0181121 -0.0793384  0.9883486 -0.1267365  0.0219614
 3  -0.0588151 -0.8916426 -0.1275115 -0.4301929 -0.0137551
 4   0.0899886 -0.4455124  0.0792173  0.8870186  0.0185302
 5   0.9939926 -0.0138924  0.0030496 -0.1082506  0.0076359
 occupations
 0.552 -0.002  0.000 -0.006  0.002
-0.002  0.485 -0.000 -0.008  0.000
 0.000 -0.000  0.474  0.002  0.004
-0.006 -0.008  0.002  0.497  0.003
 0.002  0.000  0.004  0.003  0.313
atom   18   spin  2
eigenvalues:  0.3125571 0.4741255 0.4805066 0.5008383 0.5523325
 eigenvectors
 1  -0.0096765 -0.0021617 -0.0249748 -0.0187555  0.9994629
 2  -0.0180950 -0.0791665  0.9883773 -0.1266199  0.0219752
 3  -0.0588018 -0.8917154 -0.1272956 -0.4301078 -0.0137501
 4   0.0900092 -0.4453975  0.0792028  0.8870754  0.0185337
 5   0.9939918 -0.0138815  0.0030471 -0.1082592  0.0076381
 occupations
 0.552 -0.002  0.000 -0.006  0.002
-0.002  0.485 -0.000 -0.008  0.000
 0.000 -0.000  0.474  0.002  0.004
-0.006 -0.008  0.002  0.497  0.003
 0.002  0.000  0.004  0.003  0.313
atom   19   Tr[ns(na)]=   4.6393878
atom   19   spin  1
eigenvalues:  0.3167447 0.4741134 0.4767249 0.5000889 0.5520441
 eigenvectors
 1   0.0042894 -0.0020132 -0.0288546  0.0036442  0.9995657
 2  -0.0484678 -0.8228618 -0.2145337 -0.5239196 -0.0057322
 3  -0.0055588 -0.2118883  0.9746390 -0.0660961  0.0279731
 4   0.0717237 -0.5272449 -0.0567523  0.8447548 -0.0060878
 5   0.9962215 -0.0032479 -0.0007889 -0.0866928 -0.0039883
 occupations
 0.552 -0.001 -0.000 -0.005 -0.001
-0.001  0.481  0.000 -0.012  0.000
-0.000  0.000  0.477 -0.001  0.005
-0.005 -0.012 -0.001  0.493 -0.001
-0.001  0.000  0.005 -0.001  0.317
atom   19   spin  2
eigenvalues:  0.3167371 0.4741011 0.4767113 0.5000833 0.5520390
 eigenvectors
 1   0.0042911 -0.0020133 -0.0288614  0.0036465  0.9995655
 2  -0.0484464 -0.8229654 -0.2144097 -0.5238097 -0.0057296
 3  -0.0055477 -0.2117903  0.9746665 -0.0660037  0.0279805
 4   0.0717361 -0.5271227 -0.0567468  0.8448303 -0.0060902
 5   0.9962217 -0.0032345 -0.0007886 -0.0866909 -0.0039897
 occupations
 0.552 -0.001 -0.000 -0.005 -0.001
-0.001  0.481  0.000 -0.012  0.000
-0.000  0.000  0.477 -0.001  0.005
-0.005 -0.012 -0.001  0.493 -0.001
-0.001  0.000  0.005 -0.001  0.317
atom   20   Tr[ns(na)]=   4.6416159
atom   20   spin  1
eigenvalues:  0.3180166 0.4737286 0.4763971 0.5021687 0.5504953
 eigenvectors
 1   0.0011437 -0.0012473 -0.0214063  0.0025817  0.9997661
 2  -0.0057946 -0.0857612  0.9959115 -0.0178672  0.0212696
 3  -0.0493488 -0.9145292 -0.0860350 -0.3921674 -0.0019140
 4  -0.0786754  0.3950523  0.0170730 -0.9151182  0.0033115
 5  -0.9956606  0.0146089 -0.0029055  0.0918554  0.0008578
 occupations
 0.550 -0.002  0.000 -0.005 -0.000
-0.002  0.480  0.000 -0.009  0.000
 0.000  0.000  0.474 -0.000  0.003
-0.005 -0.009 -0.000  0.499 -0.000
-0.000  0.000  0.003 -0.000  0.318
atom   20   spin  2
eigenvalues:  0.3180173 0.4737297 0.4763978 0.5021692 0.5504956
 eigenvectors
 1   0.0011439 -0.0012473 -0.0214062  0.0025819  0.9997661
 2  -0.0057938 -0.0857588  0.9959118 -0.0178666  0.0212695
 3  -0.0493480 -0.9145283 -0.0860325 -0.3921703 -0.0019138
 4  -0.0786752  0.3950551  0.0170729 -0.9151171  0.0033117
 5  -0.9956606  0.0146079 -0.0029049  0.0918549  0.0008581
 occupations
 0.550 -0.002  0.000 -0.005 -0.000
-0.002  0.480  0.000 -0.009  0.000
 0.000  0.000  0.474 -0.000  0.003
-0.005 -0.009 -0.000  0.499 -0.000
-0.000  0.000  0.003 -0.000  0.318
atom   21   Tr[ns(na)]=   4.6393878
atom   21   spin  1
eigenvalues:  0.3167447 0.4741134 0.4767249 0.5000889 0.5520441
 eigenvectors
 1  -0.0042894  0.0020132 -0.0288546 -0.0036442  0.9995657
 2   0.0484678  0.8228618 -0.2145337  0.5239196 -0.0057322
 3  -0.0055588 -0.2118883 -0.9746390 -0.0660961 -0.0279731
 4   0.0717237 -0.5272449  0.0567523  0.8447548  0.0060878
 5   0.9962215 -0.0032479  0.0007889 -0.0866928  0.0039883
 occupations
 0.552 -0.001  0.000 -0.005  0.001
-0.001  0.481 -0.000 -0.012 -0.000
 0.000 -0.000  0.477  0.001  0.005
-0.005 -0.012  0.001  0.493  0.001
 0.001 -0.000  0.005  0.001  0.317
atom   21   spin  2
eigenvalues:  0.3167371 0.4741011 0.4767113 0.5000833 0.5520390
 eigenvectors
 1  -0.0042911  0.0020133 -0.0288614 -0.0036465  0.9995655
 2   0.0484464  0.8229654 -0.2144097  0.5238097 -0.0057296
 3  -0.0055477 -0.2117903 -0.9746665 -0.0660037 -0.0279805
 4   0.0717361 -0.5271227  0.0567468  0.8448303  0.0060902
 5   0.9962217 -0.0032345  0.0007886 -0.0866909  0.0039897
 occupations
 0.552 -0.001  0.000 -0.005  0.001
-0.001  0.481 -0.000 -0.012 -0.000
 0.000 -0.000  0.477  0.001  0.005
-0.005 -0.012  0.001  0.493  0.001
 0.001 -0.000  0.005  0.001  0.317
atom   22   Tr[ns(na)]=   4.6416159
atom   22   spin  1
eigenvalues:  0.3180166 0.4737286 0.4763971 0.5021687 0.5504953
 eigenvectors
 1  -0.0011437  0.0012473 -0.0214063 -0.0025817  0.9997661
 2  -0.0057946 -0.0857612 -0.9959115 -0.0178672 -0.0212696
 3   0.0493488  0.9145292 -0.0860350  0.3921674 -0.0019140
 4  -0.0786754  0.3950523 -0.0170730 -0.9151182 -0.0033115
 5  -0.9956606  0.0146089  0.0029055  0.0918554 -0.0008578
 occupations
 0.550 -0.002 -0.000 -0.005  0.000
-0.002  0.480 -0.000 -0.009 -0.000
-0.000 -0.000  0.474  0.000  0.003
-0.005 -0.009  0.000  0.499  0.000
 0.000 -0.000  0.003  0.000  0.318
atom   22   spin  2
eigenvalues:  0.3180173 0.4737297 0.4763978 0.5021692 0.5504956
 eigenvectors
 1  -0.0011439  0.0012473 -0.0214062 -0.0025819  0.9997661
 2  -0.0057938 -0.0857588 -0.9959118 -0.0178666 -0.0212695
 3   0.0493480  0.9145283 -0.0860325  0.3921703 -0.0019138
 4  -0.0786752  0.3950551 -0.0170729 -0.9151171 -0.0033117
 5  -0.9956606  0.0146079  0.0029049  0.0918549 -0.0008581
 occupations
 0.550 -0.002 -0.000 -0.005  0.000
-0.002  0.480 -0.000 -0.009 -0.000
-0.000 -0.000  0.474  0.000  0.003
-0.005 -0.009  0.000  0.499  0.000
 0.000 -0.000  0.003  0.000  0.318
atom   23   Tr[ns(na)]=   4.6396089
atom   23   spin  1
eigenvalues:  0.3149926 0.4746820 0.4781384 0.5002141 0.5517786
 eigenvectors
 1  -0.0000000 -0.0000000 -0.0250154  0.0000000  0.9996871
 2   0.0000000  0.0000000  0.9996871  0.0000000  0.0250154
 3  -0.0567761 -0.8792308  0.0000000 -0.4730007  0.0000000
 4  -0.0866547  0.4763168 -0.0000000 -0.8749933  0.0000000
 5   0.9946192 -0.0086909 -0.0000000 -0.1032329  0.0000000
 occupations
 0.551 -0.002 -0.000 -0.006  0.000
-0.002  0.483 -0.000 -0.009  0.000
-0.000 -0.000  0.475  0.000  0.004
-0.006 -0.009  0.000  0.496 -0.000
 0.000  0.000  0.004 -0.000  0.315
atom   23   spin  2
eigenvalues:  0.3149916 0.4746813 0.4781379 0.5002138 0.5517785
 eigenvectors
 1  -0.0000000 -0.0000000 -0.0250184  0.0000000  0.9996870
 2   0.0000000  0.0000000  0.9996870  0.0000000  0.0250184
