
     Program SHIRLEY v.4.3      starts on 11Sep2018 at  2:23:39 

     This program is part of the open-source Quantum ESPRESSO suite
     for quantum simulation of materials; please cite
         "P. Giannozzi et al., J. Phys.:Condens. Matter 21 395502 (2009);
          URL http://www.quantum-espresso.org", 
     in publications or presentations arising from this work. More details at
     http://www.quantum-espresso.org/wiki/index.php/Citing_Quantum-ESPRESSO

     Parallel version (MPI), running on    64 processors
     R & G space division:  proc/pool =   64

     Ultrasoft (Vanderbilt) Pseudopotentials

     Current dimensions of program PWSCF are:
     Max number of different atomic species (ntypx) = **
     Max number of k-points (npk) =  40000
     Max angular momentum in pseudopotentials (lmaxx) =  3
         nkstot =            2
           lsda =  T
       noncolin =  F

   Info: using nr1, nr2, nr3 values from input

   Info: using nr1s, nr2s, nr3s values from input
         nspin =            2
          npol =            1
  current_spin =            0
 
   Stick Mesh
   ----------
   nst = 10457,  nstw =  1035, nsts =  4177
               n.st   n.stw   n.sts    n.g    n.gw   n.gs
   min         163      16      65    9923     312    2501
   max         164      17      66    9926     317    2526
      10457    1035    4177  635163   20075  160693
 
  setting U_projection_type to atomic

     Check: negative/imaginary core charge=   -0.000004    0.000000

     The potential is recalculated from file :
     ./v2o5.O67-FCH.save/charge-density.dat


     negative rho (up, down):  0.119E-01 0.119E-01

     Parameters of the lda+U calculation:
     Number of iteration with fixed ns =  0
     Starting ns and Hubbard U :
 enter write_ns
U( 1) =  0.0000      U( 2) =  3.1000      U( 3) =  0.0000
alpha( 1) =  0.0000      alpha( 2) =  0.0000      alpha( 3) =  0.0000
atom    1   Tr[ns(na)]=   4.6393878
atom    1   spin  1
eigenvalues:  0.3167447 0.4741134 0.4767249 0.5000889 0.5520441
 eigenvectors
 1  -0.0042894 -0.0020132  0.0288546 -0.0036442  0.9995657
 2   0.0484678 -0.8228618  0.2145337  0.5239196 -0.0057322
 3  -0.0055588  0.2118883  0.9746390 -0.0660961 -0.0279731
 4   0.0717237  0.5272449 -0.0567523  0.8447548  0.0060878
 5   0.9962215  0.0032479 -0.0007889 -0.0866928  0.0039883
 occupations
 0.552  0.001 -0.000 -0.005  0.001
 0.001  0.481 -0.000  0.012  0.000
-0.000 -0.000  0.477 -0.001 -0.005
-0.005  0.012 -0.001  0.493  0.001
 0.001  0.000 -0.005  0.001  0.317
atom    1   spin  2
eigenvalues:  0.3167371 0.4741011 0.4767113 0.5000833 0.5520390
 eigenvectors
 1  -0.0042911 -0.0020133  0.0288614 -0.0036465  0.9995655
 2   0.0484464 -0.8229654  0.2144097  0.5238097 -0.0057296
 3  -0.0055477  0.2117903  0.9746665 -0.0660037 -0.0279805
 4   0.0717361  0.5271227 -0.0567468  0.8448303  0.0060902
 5   0.9962217  0.0032345 -0.0007886 -0.0866909  0.0039897
 occupations
 0.552  0.001 -0.000 -0.005  0.001
 0.001  0.481 -0.000  0.012  0.000
-0.000 -0.000  0.477 -0.001 -0.005
-0.005  0.012 -0.001  0.493  0.001
 0.001  0.000 -0.005  0.001  0.317
atom    2   Tr[ns(na)]=   4.6416159
atom    2   spin  1
eigenvalues:  0.3180166 0.4737286 0.4763971 0.5021687 0.5504953
 eigenvectors
 1  -0.0011437 -0.0012473  0.0214063 -0.0025817  0.9997661
 2  -0.0057946  0.0857612  0.9959115 -0.0178672 -0.0212696
 3   0.0493488 -0.9145292  0.0860350  0.3921674 -0.0019140
 4  -0.0786754 -0.3950523  0.0170730 -0.9151182 -0.0033115
 5  -0.9956606 -0.0146089 -0.0029055  0.0918554 -0.0008578
 occupations
 0.550  0.002  0.000 -0.005  0.000
 0.002  0.480 -0.000  0.009  0.000
 0.000 -0.000  0.474 -0.000 -0.003
-0.005  0.009 -0.000  0.499  0.000
 0.000  0.000 -0.003  0.000  0.318
atom    2   spin  2
eigenvalues:  0.3180173 0.4737297 0.4763978 0.5021692 0.5504956
 eigenvectors
 1  -0.0011439 -0.0012473  0.0214062 -0.0025819  0.9997661
 2  -0.0057938  0.0857588  0.9959118 -0.0178666 -0.0212695
 3   0.0493480 -0.9145283  0.0860325  0.3921703 -0.0019138
 4  -0.0786752 -0.3950551  0.0170729 -0.9151171 -0.0033117
 5  -0.9956606 -0.0146079 -0.0029049  0.0918549 -0.0008581
 occupations
 0.550  0.002  0.000 -0.005  0.000
 0.002  0.480 -0.000  0.009  0.000
 0.000 -0.000  0.474 -0.000 -0.003
-0.005  0.009 -0.000  0.499  0.000
 0.000  0.000 -0.003  0.000  0.318
atom    3   Tr[ns(na)]=   4.6393878
atom    3   spin  1
eigenvalues:  0.3167447 0.4741134 0.4767249 0.5000889 0.5520441
 eigenvectors
 1   0.0042894  0.0020132  0.0288546  0.0036442  0.9995657
 2  -0.0484678  0.8228618  0.2145337 -0.5239196 -0.0057322
 3  -0.0055588  0.2118883 -0.9746390 -0.0660961  0.0279731
 4   0.0717237  0.5272449  0.0567523  0.8447548 -0.0060878
 5   0.9962215  0.0032479  0.0007889 -0.0866928 -0.0039883
 occupations
 0.552  0.001  0.000 -0.005 -0.001
 0.001  0.481  0.000  0.012 -0.000
 0.000  0.000  0.477  0.001 -0.005
-0.005  0.012  0.001  0.493 -0.001
-0.001 -0.000 -0.005 -0.001  0.317
atom    3   spin  2
eigenvalues:  0.3167371 0.4741011 0.4767113 0.5000833 0.5520390
 eigenvectors
 1   0.0042911  0.0020133  0.0288614  0.0036465  0.9995655
 2  -0.0484464  0.8229654  0.2144097 -0.5238097 -0.0057296
 3  -0.0055477  0.2117903 -0.9746665 -0.0660037  0.0279805
 4   0.0717361  0.5271227  0.0567468  0.8448303 -0.0060902
 5   0.9962217  0.0032345  0.0007886 -0.0866909 -0.0039897
 occupations
 0.552  0.001  0.000 -0.005 -0.001
 0.001  0.481  0.000  0.012 -0.000
 0.000  0.000  0.477  0.001 -0.005
-0.005  0.012  0.001  0.493 -0.001
-0.001 -0.000 -0.005 -0.001  0.317
atom    4   Tr[ns(na)]=   4.6416159
atom    4   spin  1
eigenvalues:  0.3180166 0.4737286 0.4763971 0.5021687 0.5504953
 eigenvectors
 1   0.0011437  0.0012473  0.0214063  0.0025817  0.9997661
 2  -0.0057946  0.0857612 -0.9959115 -0.0178672  0.0212696
 3  -0.0493488  0.9145292  0.0860350 -0.3921674 -0.0019140
 4  -0.0786754 -0.3950523 -0.0170730 -0.9151182  0.0033115
 5  -0.9956606 -0.0146089  0.0029055  0.0918554  0.0008578
 occupations
 0.550  0.002 -0.000 -0.005 -0.000
 0.002  0.480  0.000  0.009 -0.000
-0.000  0.000  0.474  0.000 -0.003
-0.005  0.009  0.000  0.499 -0.000
-0.000 -0.000 -0.003 -0.000  0.318
atom    4   spin  2
eigenvalues:  0.3180173 0.4737297 0.4763978 0.5021692 0.5504956
 eigenvectors
 1   0.0011439  0.0012473  0.0214062  0.0025819  0.9997661
 2  -0.0057938  0.0857588 -0.9959118 -0.0178666  0.0212695
 3  -0.0493480  0.9145283  0.0860325 -0.3921703 -0.0019138
 4  -0.0786752 -0.3950551 -0.0170729 -0.9151171  0.0033117
 5  -0.9956606 -0.0146079  0.0029049  0.0918549  0.0008581
 occupations
 0.550  0.002 -0.000 -0.005 -0.000
 0.002  0.480  0.000  0.009 -0.000
-0.000  0.000  0.474  0.000 -0.003
-0.005  0.009  0.000  0.499 -0.000
-0.000 -0.000 -0.003 -0.000  0.318
atom    5   Tr[ns(na)]=   4.6396089
atom    5   spin  1
eigenvalues:  0.3149926 0.4746820 0.4781384 0.5002141 0.5517786
 eigenvectors
 1  -0.0000000 -0.0000000  0.0250154  0.0000000  0.9996871
 2   0.0000000 -0.0000000 -0.9996871  0.0000000  0.0250154
 3   0.0567761 -0.8792308  0.0000000  0.4730007 -0.0000000
 4   0.0866547  0.4763168  0.0000000  0.8749933 -0.0000000
 5  -0.9946192 -0.0086909  0.0000000  0.1032329 -0.0000000
 occupations
 0.551  0.002 -0.000 -0.006  0.000
 0.002  0.483 -0.000  0.009  0.000
-0.000 -0.000  0.475  0.000 -0.004
-0.006  0.009  0.000  0.496 -0.000
 0.000  0.000 -0.004 -0.000  0.315
atom    5   spin  2
eigenvalues:  0.3149916 0.4746813 0.4781379 0.5002138 0.5517785
 eigenvectors
 1  -0.0000000 -0.0000000  0.0250184  0.0000000  0.9996870
 2   0.0000000 -0.0000000 -0.9996870  0.0000000  0.0250184
 3   0.0567768 -0.8792317  0.0000000  0.4729990 -0.0000000
 4   0.0866553  0.4763152 -0.0000000  0.8749941 -0.0000000
 5  -0.9946191 -0.0086915  0.0000000  0.1032338 -0.0000000
 occupations
 0.551  0.002 -0.000 -0.006  0.000
 0.002  0.483 -0.000  0.009  0.000
-0.000 -0.000  0.475  0.000 -0.004
-0.006  0.009  0.000  0.496 -0.000
 0.000  0.000 -0.004 -0.000  0.315
atom    6   Tr[ns(na)]=   4.6407716
atom    6   spin  1
eigenvalues:  0.3164075 0.4740027 0.4775633 0.5015269 0.5508777
 eigenvectors
 1  -0.0000000 -0.0000000  0.0228838  0.0000000  0.9997381
 2   0.0000000 -0.0000000 -0.9997381  0.0000000  0.0228838
 3   0.0519668 -0.9091136  0.0000000  0.4132939 -0.0000000
 4   0.0839435  0.4163650  0.0000000  0.9053141 -0.0000000
 5  -0.9951145 -0.0123530  0.0000000  0.0979513 -0.0000000
 occupations
 0.550  0.002 -0.000 -0.005  0.000
 0.002  0.482 -0.000  0.009  0.000
-0.000 -0.000  0.474  0.000 -0.004
-0.005  0.009  0.000  0.498 -0.000
 0.000  0.000 -0.004 -0.000  0.316
atom    6   spin  2
eigenvalues:  0.3164099 0.4740076 0.4775677 0.5015286 0.5508797
 eigenvectors
 1  -0.0000000 -0.0000000  0.0228826  0.0000000  0.9997382
 2   0.0000000 -0.0000000 -0.9997382  0.0000000  0.0228826
 3   0.0519753 -0.9090972  0.0000000  0.4133289 -0.0000000
 4   0.0839397  0.4164007  0.0000000  0.9052981 -0.0000000
 5  -0.9951144 -0.0123584  0.0000000  0.0979519 -0.0000000
 occupations
 0.550  0.002 -0.000 -0.005  0.000
 0.002  0.482 -0.000  0.009  0.000
-0.000 -0.000  0.474  0.000 -0.004
-0.005  0.009  0.000  0.498 -0.000
 0.000  0.000 -0.004 -0.000  0.316
atom    7   Tr[ns(na)]=   4.6424294
atom    7   spin  1
eigenvalues:  0.3198212 0.4738636 0.4762988 0.5033122 0.5479214
 eigenvectors
 1  -0.0000000 -0.0000000  0.0209830  0.0000000  0.9997798
 2   0.0000000 -0.0000000 -0.9997798  0.0000000  0.0209830
 3   0.0172507 -0.9516600  0.0000000  0.3066688 -0.0000000
 4   0.0896905  0.3069508 -0.0000000  0.9474898 -0.0000000
 5  -0.9958203  0.0111604  0.0000000  0.0906500 -0.0000000
 occupations
 0.548 -0.000 -0.000 -0.004  0.000
-0.000  0.479 -0.000  0.008  0.000
-0.000 -0.000  0.474  0.000 -0.003
-0.004  0.008  0.000  0.501 -0.000
 0.000  0.000 -0.003 -0.000  0.320
atom    7   spin  2
eigenvalues:  0.3198205 0.4738620 0.4762973 0.5033119 0.5479206
 eigenvectors
 1  -0.0000000 -0.0000000  0.0209837  0.0000000  0.9997798
 2   0.0000000 -0.0000000 -0.9997798  0.0000000  0.0209837
 3   0.0172482 -0.9516643  0.0000000  0.3066556 -0.0000000
 4   0.0896909  0.3069374  0.0000000  0.9474941 -0.0000000
 5  -0.9958203  0.0111617  0.0000000  0.0906497 -0.0000000
 occupations
 0.548 -0.000 -0.000 -0.004  0.000
-0.000  0.479 -0.000  0.008  0.000
-0.000 -0.000  0.474  0.000 -0.003
-0.004  0.008  0.000  0.501 -0.000
 0.000  0.000 -0.003 -0.000  0.320
atom    8   Tr[ns(na)]=   4.5497885
atom    8   spin  1
eigenvalues:  0.2786373 0.4586860 0.4890263 0.4948320 0.5538420
 eigenvectors
 1  -0.0000000 -0.0000000  0.0594757  0.0000000  0.9982298
 2  -0.1802729  0.7822955  0.0000000  0.5962511 -0.0000000
 3   0.2075609  0.6227874  0.0000000 -0.7543569 -0.0000000
 4   0.0000000  0.0000000 -0.9982298 -0.0000000  0.0594757
 5  -0.9614677 -0.0122317  0.0000000 -0.2746457 -0.0000000
 occupations
 0.548  0.005 -0.000  0.020  0.000
 0.005  0.470 -0.000 -0.014  0.000
-0.000 -0.000  0.494  0.000 -0.013
 0.020 -0.014  0.000  0.483 -0.000
 0.000  0.000 -0.013 -0.000  0.279
atom    8   spin  2
eigenvalues:  0.2786095 0.4586273 0.4889625 0.4947523 0.5538135
 eigenvectors
 1  -0.0000000 -0.0000000  0.0595093  0.0000000  0.9982278
 2  -0.1799646  0.7831003  0.0000000  0.5952871 -0.0000000
 3  -0.2078650 -0.6217767 -0.0000000  0.7551065  0.0000000
 4   0.0000000  0.0000000 -0.9982278 -0.0000000  0.0595093
 5  -0.9614598 -0.0121531  0.0000000 -0.2746769 -0.0000000
 occupations
 0.548  0.005 -0.000  0.020  0.000
 0.005  0.470 -0.000 -0.014  0.000
-0.000 -0.000  0.494  0.000 -0.013
 0.020 -0.014  0.000  0.483 -0.000
 0.000  0.000 -0.013 -0.000  0.279
atom    9   Tr[ns(na)]=   4.6407829
atom    9   spin  1
eigenvalues:  0.3162520 0.4736542 0.4780663 0.5018630 0.5505560
 eigenvectors
 1  -0.0025415  0.0001219  0.0227842 -0.0047605  0.9997258
 2  -0.0016039 -0.0148819  0.9993544  0.0235159 -0.0226660
 3  -0.0508701  0.9176715  0.0227813 -0.3934023 -0.0026337
 4  -0.0858482 -0.3968596  0.0153426 -0.9137141 -0.0048704
 5   0.9950042  0.0126520  0.0041575 -0.0989217  0.0019621
 occupations
 0.550  0.002  0.000 -0.005  0.001
 0.002  0.482 -0.000  0.009  0.000
 0.000 -0.000  0.474 -0.000 -0.004
-0.005  0.009 -0.000  0.499  0.001
 0.001  0.000 -0.004  0.001  0.316
atom    9   spin  2
eigenvalues:  0.3162522 0.4736539 0.4780661 0.5018632 0.5505561
 eigenvectors
 1  -0.0025417  0.0001218  0.0227848 -0.0047609  0.9997258
 2  -0.0016036 -0.0148862  0.9993542  0.0235192 -0.0226666
 3  -0.0508691  0.9176748  0.0227865 -0.3933944 -0.0026339
 4  -0.0858494 -0.3968517  0.0153441 -0.9137174 -0.0048709
 5   0.9950041  0.0126515  0.0041576 -0.0989223  0.0019623
 occupations
 0.550  0.002  0.000 -0.005  0.001
 0.002  0.482 -0.000  0.009  0.000
 0.000 -0.000  0.474 -0.000 -0.004
-0.005  0.009 -0.000  0.499  0.001
 0.001  0.000 -0.004  0.001  0.316
atom   10   Tr[ns(na)]=   4.6407660
atom   10   spin  1
eigenvalues:  0.3125649 0.4741418 0.4805185 0.5008434 0.5523375
 eigenvectors
 1  -0.0096740  0.0021619  0.0249640 -0.0187541  0.9994633
 2  -0.0181121  0.0793384 -0.9883486 -0.1267365  0.0219614
 3  -0.0588151  0.8916426  0.1275115 -0.4301929 -0.0137551
 4   0.0899886  0.4455124 -0.0792173  0.8870186  0.0185302
 5   0.9939926  0.0138924 -0.0030496 -0.1082506  0.0076359
 occupations
 0.552  0.002 -0.000 -0.006  0.002
 0.002  0.485 -0.000  0.008 -0.000
-0.000 -0.000  0.474 -0.002 -0.004
-0.006  0.008 -0.002  0.497  0.003
 0.002 -0.000 -0.004  0.003  0.313
atom   10   spin  2
eigenvalues:  0.3125571 0.4741255 0.4805066 0.5008383 0.5523325
 eigenvectors
 1  -0.0096765  0.0021617  0.0249748 -0.0187555  0.9994629
 2  -0.0180950  0.0791665 -0.9883773 -0.1266199  0.0219752
 3  -0.0588018  0.8917154  0.1272956 -0.4301078 -0.0137501
 4   0.0900092  0.4453975 -0.0792028  0.8870754  0.0185337
 5   0.9939918  0.0138815 -0.0030471 -0.1082592  0.0076381
 occupations
 0.552  0.002 -0.000 -0.006  0.002
 0.002  0.485 -0.000  0.008 -0.000
-0.000 -0.000  0.474 -0.002 -0.004
-0.006  0.008 -0.002  0.497  0.003
 0.002 -0.000 -0.004  0.003  0.313
atom   11   Tr[ns(na)]=   4.6407829
atom   11   spin  1
eigenvalues:  0.3162520 0.4736542 0.4780663 0.5018630 0.5505560
 eigenvectors
 1   0.0025415 -0.0001219  0.0227842  0.0047605  0.9997258
 2  -0.0016039 -0.0148819 -0.9993544  0.0235159  0.0226660
 3   0.0508701 -0.9176715  0.0227813  0.3934023 -0.0026337
 4  -0.0858482 -0.3968596 -0.0153426 -0.9137141  0.0048704
 5   0.9950042  0.0126520 -0.0041575 -0.0989217 -0.0019621
 occupations
 0.550  0.002 -0.000 -0.005 -0.001
 0.002  0.482  0.000  0.009 -0.000
-0.000  0.000  0.474  0.000 -0.004
-0.005  0.009  0.000  0.499 -0.001
-0.001 -0.000 -0.004 -0.001  0.316
atom   11   spin  2
eigenvalues:  0.3162522 0.4736539 0.4780661 0.5018632 0.5505561
 eigenvectors
 1   0.0025417 -0.0001218  0.0227848  0.0047609  0.9997258
 2  -0.0016036 -0.0148862 -0.9993542  0.0235192  0.0226666
 3   0.0508691 -0.9176748  0.0227865  0.3933944 -0.0026339
 4  -0.0858494 -0.3968517 -0.0153441 -0.9137174  0.0048709
 5   0.9950041  0.0126515 -0.0041576 -0.0989223 -0.0019623
 occupations
 0.550  0.002 -0.000 -0.005 -0.001
 0.002  0.482  0.000  0.009 -0.000
-0.000  0.000  0.474  0.000 -0.004
-0.005  0.009  0.000  0.499 -0.001
-0.001 -0.000 -0.004 -0.001  0.316
atom   12   Tr[ns(na)]=   4.6407660
atom   12   spin  1
eigenvalues:  0.3125649 0.4741418 0.4805185 0.5008434 0.5523375
 eigenvectors
 1   0.0096740 -0.0021619  0.0249640  0.0187541  0.9994633
 2   0.0181121 -0.0793384 -0.9883486  0.1267365  0.0219614
 3  -0.0588151  0.8916426 -0.1275115 -0.4301929  0.0137551
 4   0.0899886  0.4455124  0.0792173  0.8870186 -0.0185302
 5   0.9939926  0.0138924  0.0030496 -0.1082506 -0.0076359
 occupations
 0.552  0.002  0.000 -0.006 -0.002
 0.002  0.485  0.000  0.008  0.000
 0.000  0.000  0.474  0.002 -0.004
-0.006  0.008  0.002  0.497 -0.003
-0.002  0.000 -0.004 -0.003  0.313
atom   12   spin  2
eigenvalues:  0.3125571 0.4741255 0.4805066 0.5008383 0.5523325
 eigenvectors
 1   0.0096765 -0.0021617  0.0249748  0.0187555  0.9994629
 2   0.0180950 -0.0791665 -0.9883773  0.1266199  0.0219752
 3  -0.0588018  0.8917154 -0.1272956 -0.4301078  0.0137501
 4   0.0900092  0.4453975  0.0792028  0.8870754 -0.0185337
 5   0.9939918  0.0138815  0.0030471 -0.1082592 -0.0076381
 occupations
 0.552  0.002  0.000 -0.006 -0.002
 0.002  0.485  0.000  0.008  0.000
 0.000  0.000  0.474  0.002 -0.004
-0.006  0.008  0.002  0.497 -0.003
-0.002  0.000 -0.004 -0.003  0.313
atom   13   Tr[ns(na)]=   4.6424294
atom   13   spin  1
eigenvalues:  0.3198212 0.4738636 0.4762988 0.5033122 0.5479214
 eigenvectors
 1  -0.0000000 -0.0000000 -0.0209830  0.0000000  0.9997798
 2   0.0000000  0.0000000  0.9997798  0.0000000  0.0209830
 3  -0.0172507 -0.9516600  0.0000000 -0.3066688  0.0000000
 4  -0.0896905  0.3069508 -0.0000000 -0.9474898  0.0000000
 5   0.9958203  0.0111604 -0.0000000 -0.0906500  0.0000000
 occupations
 0.548  0.000 -0.000 -0.004  0.000
 0.000  0.479 -0.000 -0.008  0.000
-0.000 -0.000  0.474  0.000  0.003
-0.004 -0.008  0.000  0.501 -0.000
 0.000  0.000  0.003 -0.000  0.320
atom   13   spin  2
eigenvalues:  0.3198205 0.4738620 0.4762973 0.5033119 0.5479206
 eigenvectors
 1  -0.0000000 -0.0000000 -0.0209837  0.0000000  0.9997798
 2   0.0000000  0.0000000  0.9997798  0.0000000  0.0209837
 3  -0.0172482 -0.9516643  0.0000000 -0.3066556  0.0000000
 4  -0.0896909  0.3069374 -0.0000000 -0.9474941  0.0000000
 5   0.9958203  0.0111617 -0.0000000 -0.0906497  0.0000000
 occupations
 0.548  0.000 -0.000 -0.004  0.000
 0.000  0.479 -0.000 -0.008  0.000
-0.000 -0.000  0.474  0.000  0.003
-0.004 -0.008  0.000  0.501 -0.000
 0.000  0.000  0.003 -0.000  0.320
atom   14   Tr[ns(na)]=   4.5497885
atom   14   spin  1
eigenvalues:  0.2786373 0.4586860 0.4890263 0.4948320 0.5538420
 eigenvectors
 1  -0.0000000 -0.0000000 -0.0594757  0.0000000  0.9982298
 2   0.1802729  0.7822955  0.0000000 -0.5962511  0.0000000
 3  -0.2075609  0.6227874  0.0000000  0.7543569  0.0000000
 4   0.0000000 -0.0000000  0.9982298 -0.0000000  0.0594757
 5  -0.9614677  0.0122317  0.0000000 -0.2746457 -0.0000000
 occupations
 0.548 -0.005 -0.000  0.020  0.000
-0.005  0.470 -0.000  0.014  0.000
-0.000 -0.000  0.494  0.000  0.013
 0.020  0.014  0.000  0.483 -0.000
 0.000  0.000  0.013 -0.000  0.279
atom   14   spin  2
eigenvalues:  0.2786095 0.4586273 0.4889625 0.4947523 0.5538135
 eigenvectors
 1  -0.0000000 -0.0000000 -0.0595093  0.0000000  0.9982278
 2   0.1799646  0.7831003  0.0000000 -0.5952871  0.0000000
 3  -0.2078650  0.6217767  0.0000000  0.7551065  0.0000000
 4   0.0000000 -0.0000000  0.9982278 -0.0000000  0.0595093
 5  -0.9614598  0.0121531  0.0000000 -0.2746769 -0.0000000
 occupations
 0.548 -0.005 -0.000  0.020  0.000
-0.005  0.470 -0.000  0.014  0.000
-0.000 -0.000  0.494  0.000  0.013
 0.020  0.014  0.000  0.483 -0.000
 0.000  0.000  0.013 -0.000  0.279
atom   15   Tr[ns(na)]=   4.6407829
atom   15   spin  1
eigenvalues:  0.3162520 0.4736542 0.4780663 0.5018630 0.5505560
 eigenvectors
 1   0.0025415  0.0001219 -0.0227842  0.0047605  0.9997258
 2  -0.0016039  0.0148819  0.9993544  0.0235159  0.0226660
 3  -0.0508701 -0.9176715  0.0227813 -0.3934023  0.0026337
 4   0.0858482 -0.3968596 -0.0153426  0.9137141 -0.0048704
 5   0.9950042 -0.0126520  0.0041575 -0.0989217 -0.0019621
 occupations
 0.550 -0.002  0.000 -0.005 -0.001
-0.002  0.482  0.000 -0.009  0.000
 0.000  0.000  0.474 -0.000  0.004
-0.005 -0.009 -0.000  0.499 -0.001
-0.001  0.000  0.004 -0.001  0.316
atom   15   spin  2
eigenvalues:  0.3162522 0.4736539 0.4780661 0.5018632 0.5505561
 eigenvectors
 1   0.0025417  0.0001218 -0.0227848  0.0047609  0.9997258
 2  -0.0016036  0.0148862  0.9993542  0.0235192  0.0226666
 3  -0.0508691 -0.9176748  0.0227865 -0.3933944  0.0026339
 4   0.0858494 -0.3968517 -0.0153441  0.9137174 -0.0048709
 5   0.9950041 -0.0126515  0.0041576 -0.0989223 -0.0019623
 occupations
 0.550 -0.002  0.000 -0.005 -0.001
-0.002  0.482  0.000 -0.009  0.000
 0.000  0.000  0.474 -0.000  0.004
-0.005 -0.009 -0.000  0.499 -0.001
-0.001  0.000  0.004 -0.001  0.316
atom   16   Tr[ns(na)]=   4.6407660
atom   16   spin  1
eigenvalues:  0.3125649 0.4741418 0.4805185 0.5008434 0.5523375
 eigenvectors
 1   0.0096740  0.0021619 -0.0249640  0.0187541  0.9994633
 2   0.0181121  0.0793384  0.9883486  0.1267365  0.0219614
 3  -0.0588151 -0.8916426  0.1275115 -0.4301929  0.0137551
 4   0.0899886 -0.4455124 -0.0792173  0.8870186 -0.0185302
 5   0.9939926 -0.0138924 -0.0030496 -0.1082506 -0.0076359
 occupations
 0.552 -0.002 -0.000 -0.006 -0.002
-0.002  0.485  0.000 -0.008 -0.000
-0.000  0.000  0.474 -0.002  0.004
-0.006 -0.008 -0.002  0.497 -0.003
-0.002 -0.000  0.004 -0.003  0.313
atom   16   spin  2
eigenvalues:  0.3125571 0.4741255 0.4805066 0.5008383 0.5523325
 eigenvectors
 1   0.0096765  0.0021617 -0.0249748  0.0187555  0.9994629
 2   0.0180950  0.0791665  0.9883773  0.1266199  0.0219752
 3  -0.0588018 -0.8917154  0.1272956 -0.4301078  0.0137501
 4   0.0900092 -0.4453975 -0.0792028  0.8870754 -0.0185337
 5   0.9939918 -0.0138815 -0.0030471 -0.1082592 -0.0076381
 occupations
 0.552 -0.002 -0.000 -0.006 -0.002
-0.002  0.485  0.000 -0.008 -0.000
-0.000  0.000  0.474 -0.002  0.004
-0.006 -0.008 -0.002  0.497 -0.003
-0.002 -0.000  0.004 -0.003  0.313
atom   17   Tr[ns(na)]=   4.6407829
atom   17   spin  1
eigenvalues:  0.3162520 0.4736542 0.4780663 0.5018630 0.5505560
 eigenvectors
 1  -0.0025415 -0.0001219 -0.0227842 -0.0047605  0.9997258
 2  -0.0016039  0.0148819 -0.9993544  0.0235159 -0.0226660
 3   0.0508701  0.9176715  0.0227813  0.3934023  0.0026337
 4   0.0858482 -0.3968596  0.0153426  0.9137141  0.0048704
 5   0.9950042 -0.0126520 -0.0041575 -0.0989217  0.0019621
 occupations
 0.550 -0.002 -0.000 -0.005  0.001
-0.002  0.482 -0.000 -0.009 -0.000
-0.000 -0.000  0.474  0.000  0.004
-0.005 -0.009  0.000  0.499  0.001
 0.001 -0.000  0.004  0.001  0.316
atom   17   spin  2
eigenvalues:  0.3162522 0.4736539 0.4780661 0.5018632 0.5505561
 eigenvectors
 1  -0.0025417 -0.0001218 -0.0227848 -0.0047609  0.9997258
 2  -0.0016036  0.0148862 -0.9993542  0.0235192 -0.0226666
 3   0.0508691  0.9176748  0.0227865  0.3933944  0.0026339
 4   0.0858494 -0.3968517  0.0153441  0.9137174  0.0048709
 5   0.9950041 -0.0126515 -0.0041576 -0.0989223  0.0019623
 occupations
 0.550 -0.002 -0.000 -0.005  0.001
-0.002  0.482 -0.000 -0.009 -0.000
-0.000 -0.000  0.474  0.000  0.004
-0.005 -0.009  0.000  0.499  0.001
 0.001 -0.000  0.004  0.001  0.316
atom   18   Tr[ns(na)]=   4.6407660
atom   18   spin  1
eigenvalues:  0.3125649 0.4741418 0.4805185 0.5008434 0.5523375
 eigenvectors
 1  -0.0096740 -0.0021619 -0.0249640 -0.0187541  0.9994633
 2  -0.0181121 -0.0793384  0.9883486 -0.1267365  0.0219614
 3  -0.0588151 -0.8916426 -0.1275115 -0.4301929 -0.0137551
 4   0.0899886 -0.4455124  0.0792173  0.8870186  0.0185302
 5   0.9939926 -0.0138924  0.0030496 -0.1082506  0.0076359
 occupations
 0.552 -0.002  0.000 -0.006  0.002
-0.002  0.485 -0.000 -0.008  0.000
 0.000 -0.000  0.474  0.002  0.004
-0.006 -0.008  0.002  0.497  0.003
 0.002  0.000  0.004  0.003  0.313
atom   18   spin  2
eigenvalues:  0.3125571 0.4741255 0.4805066 0.5008383 0.5523325
 eigenvectors
 1  -0.0096765 -0.0021617 -0.0249748 -0.0187555  0.9994629
 2  -0.0180950 -0.0791665  0.9883773 -0.1266199  0.0219752
 3  -0.0588018 -0.8917154 -0.1272956 -0.4301078 -0.0137501
 4   0.0900092 -0.4453975  0.0792028  0.8870754  0.0185337
 5   0.9939918 -0.0138815  0.0030471 -0.1082592  0.0076381
 occupations
 0.552 -0.002  0.000 -0.006  0.002
-0.002  0.485 -0.000 -0.008  0.000
 0.000 -0.000  0.474  0.002  0.004
-0.006 -0.008  0.002  0.497  0.003
 0.002  0.000  0.004  0.003  0.313
atom   19   Tr[ns(na)]=   4.6393878
atom   19   spin  1
eigenvalues:  0.3167447 0.4741134 0.4767249 0.5000889 0.5520441
 eigenvectors
 1   0.0042894 -0.0020132 -0.0288546  0.0036442  0.9995657
 2  -0.0484678 -0.8228618 -0.2145337 -0.5239196 -0.0057322
 3  -0.0055588 -0.2118883  0.9746390 -0.0660961  0.0279731
 4   0.0717237 -0.5272449 -0.0567523  0.8447548 -0.0060878
 5   0.9962215 -0.0032479 -0.0007889 -0.0866928 -0.0039883
 occupations
 0.552 -0.001 -0.000 -0.005 -0.001
-0.001  0.481  0.000 -0.012  0.000
-0.000  0.000  0.477 -0.001  0.005
-0.005 -0.012 -0.001  0.493 -0.001
-0.001  0.000  0.005 -0.001  0.317
atom   19   spin  2
eigenvalues:  0.3167371 0.4741011 0.4767113 0.5000833 0.5520390
 eigenvectors
 1   0.0042911 -0.0020133 -0.0288614  0.0036465  0.9995655
 2  -0.0484464 -0.8229654 -0.2144097 -0.5238097 -0.0057296
 3  -0.0055477 -0.2117903  0.9746665 -0.0660037  0.0279805
 4   0.0717361 -0.5271227 -0.0567468  0.8448303 -0.0060902
 5   0.9962217 -0.0032345 -0.0007886 -0.0866909 -0.0039897
 occupations
 0.552 -0.001 -0.000 -0.005 -0.001
-0.001  0.481  0.000 -0.012  0.000
-0.000  0.000  0.477 -0.001  0.005
-0.005 -0.012 -0.001  0.493 -0.001
-0.001  0.000  0.005 -0.001  0.317
atom   20   Tr[ns(na)]=   4.6416159
atom   20   spin  1
eigenvalues:  0.3180166 0.4737286 0.4763971 0.5021687 0.5504953
 eigenvectors
 1   0.0011437 -0.0012473 -0.0214063  0.0025817  0.9997661
 2  -0.0057946 -0.0857612  0.9959115 -0.0178672  0.0212696
 3  -0.0493488 -0.9145292 -0.0860350 -0.3921674 -0.0019140
 4  -0.0786754  0.3950523  0.0170730 -0.9151182  0.0033115
 5  -0.9956606  0.0146089 -0.0029055  0.0918554  0.0008578
 occupations
 0.550 -0.002  0.000 -0.005 -0.000
-0.002  0.480  0.000 -0.009  0.000
 0.000  0.000  0.474 -0.000  0.003
-0.005 -0.009 -0.000  0.499 -0.000
-0.000  0.000  0.003 -0.000  0.318
atom   20   spin  2
eigenvalues:  0.3180173 0.4737297 0.4763978 0.5021692 0.5504956
 eigenvectors
 1   0.0011439 -0.0012473 -0.0214062  0.0025819  0.9997661
 2  -0.0057938 -0.0857588  0.9959118 -0.0178666  0.0212695
 3  -0.0493480 -0.9145283 -0.0860325 -0.3921703 -0.0019138
 4  -0.0786752  0.3950551  0.0170729 -0.9151171  0.0033117
 5  -0.9956606  0.0146079 -0.0029049  0.0918549  0.0008581
 occupations
 0.550 -0.002  0.000 -0.005 -0.000
-0.002  0.480  0.000 -0.009  0.000
 0.000  0.000  0.474 -0.000  0.003
-0.005 -0.009 -0.000  0.499 -0.000
-0.000  0.000  0.003 -0.000  0.318
atom   21   Tr[ns(na)]=   4.6393878
atom   21   spin  1
eigenvalues:  0.3167447 0.4741134 0.4767249 0.5000889 0.5520441
 eigenvectors
 1  -0.0042894  0.0020132 -0.0288546 -0.0036442  0.9995657
 2   0.0484678  0.8228618 -0.2145337  0.5239196 -0.0057322
 3  -0.0055588 -0.2118883 -0.9746390 -0.0660961 -0.0279731
 4   0.0717237 -0.5272449  0.0567523  0.8447548  0.0060878
 5   0.9962215 -0.0032479  0.0007889 -0.0866928  0.0039883
 occupations
 0.552 -0.001  0.000 -0.005  0.001
-0.001  0.481 -0.000 -0.012 -0.000
 0.000 -0.000  0.477  0.001  0.005
-0.005 -0.012  0.001  0.493  0.001
 0.001 -0.000  0.005  0.001  0.317
atom   21   spin  2
eigenvalues:  0.3167371 0.4741011 0.4767113 0.5000833 0.5520390
 eigenvectors
 1  -0.0042911  0.0020133 -0.0288614 -0.0036465  0.9995655
 2   0.0484464  0.8229654 -0.2144097  0.5238097 -0.0057296
 3  -0.0055477 -0.2117903 -0.9746665 -0.0660037 -0.0279805
 4   0.0717361 -0.5271227  0.0567468  0.8448303  0.0060902
 5   0.9962217 -0.0032345  0.0007886 -0.0866909  0.0039897
 occupations
 0.552 -0.001  0.000 -0.005  0.001
-0.001  0.481 -0.000 -0.012 -0.000
 0.000 -0.000  0.477  0.001  0.005
-0.005 -0.012  0.001  0.493  0.001
 0.001 -0.000  0.005  0.001  0.317
atom   22   Tr[ns(na)]=   4.6416159
atom   22   spin  1
eigenvalues:  0.3180166 0.4737286 0.4763971 0.5021687 0.5504953
 eigenvectors
 1  -0.0011437  0.0012473 -0.0214063 -0.0025817  0.9997661
 2  -0.0057946 -0.0857612 -0.9959115 -0.0178672 -0.0212696
 3   0.0493488  0.9145292 -0.0860350  0.3921674 -0.0019140
 4  -0.0786754  0.3950523 -0.0170730 -0.9151182 -0.0033115
 5  -0.9956606  0.0146089  0.0029055  0.0918554 -0.0008578
 occupations
 0.550 -0.002 -0.000 -0.005  0.000
-0.002  0.480 -0.000 -0.009 -0.000
-0.000 -0.000  0.474  0.000  0.003
-0.005 -0.009  0.000  0.499  0.000
 0.000 -0.000  0.003  0.000  0.318
atom   22   spin  2
eigenvalues:  0.3180173 0.4737297 0.4763978 0.5021692 0.5504956
 eigenvectors
 1  -0.0011439  0.0012473 -0.0214062 -0.0025819  0.9997661
 2  -0.0057938 -0.0857588 -0.9959118 -0.0178666 -0.0212695
 3   0.0493480  0.9145283 -0.0860325  0.3921703 -0.0019138
 4  -0.0786752  0.3950551 -0.0170729 -0.9151171 -0.0033117
 5  -0.9956606  0.0146079  0.0029049  0.0918549 -0.0008581
 occupations
 0.550 -0.002 -0.000 -0.005  0.000
-0.002  0.480 -0.000 -0.009 -0.000
-0.000 -0.000  0.474  0.000  0.003
-0.005 -0.009  0.000  0.499  0.000
 0.000 -0.000  0.003  0.000  0.318
atom   23   Tr[ns(na)]=   4.6396089
atom   23   spin  1
eigenvalues:  0.3149926 0.4746820 0.4781384 0.5002141 0.5517786
 eigenvectors
 1  -0.0000000 -0.0000000 -0.0250154  0.0000000  0.9996871
 2   0.0000000  0.0000000  0.9996871  0.0000000  0.0250154
 3  -0.0567761 -0.8792308  0.0000000 -0.4730007  0.0000000
 4  -0.0866547  0.4763168 -0.0000000 -0.8749933  0.0000000
 5   0.9946192 -0.0086909 -0.0000000 -0.1032329  0.0000000
 occupations
 0.551 -0.002 -0.000 -0.006  0.000
-0.002  0.483 -0.000 -0.009  0.000
-0.000 -0.000  0.475  0.000  0.004
-0.006 -0.009  0.000  0.496 -0.000
 0.000  0.000  0.004 -0.000  0.315
atom   23   spin  2
eigenvalues:  0.3149916 0.4746813 0.4781379 0.5002138 0.5517785
 eigenvectors
 1  -0.0000000 -0.0000000 -0.0250184  0.0000000  0.9996870
 2   0.0000000  0.0000000  0.9996870  0.0000000  0.0250184
 3  -0.0567768 -0.8792317  0.0000000 -0.4729990  0.0000000
 4  -0.0866553  0.4763152 -0.0000000 -0.8749941  0.0000000
 5   0.9946191 -0.0086915 -0.0000000 -0.1032338  0.0000000
 occupations
 0.551 -0.002 -0.000 -0.006  0.000
-0.002  0.483 -0.000 -0.009  0.000
-0.000 -0.000  0.475  0.000  0.004
-0.006 -0.009  0.000  0.496 -0.000
 0.000  0.000  0.004 -0.000  0.315
atom   24   Tr[ns(na)]=   4.6407716
atom   24   spin  1
eigenvalues:  0.3164075 0.4740027 0.4775633 0.5015269 0.5508777
 eigenvectors
 1  -0.0000000 -0.0000000 -0.0228838  0.0000000  0.9997381
 2   0.0000000  0.0000000  0.9997381  0.0000000  0.0228838
 3  -0.0519668 -0.9091136  0.0000000 -0.4132939  0.0000000
 4  -0.0839435  0.4163650 -0.0000000 -0.9053141  0.0000000
 5   0.9951145 -0.0123530 -0.0000000 -0.0979513  0.0000000
 occupations
 0.550 -0.002 -0.000 -0.005  0.000
-0.002  0.482 -0.000 -0.009  0.000
-0.000 -0.000  0.474  0.000  0.004
-0.005 -0.009  0.000  0.498 -0.000
 0.000  0.000  0.004 -0.000  0.316
atom   24   spin  2
eigenvalues:  0.3164099 0.4740076 0.4775677 0.5015286 0.5508797
 eigenvectors
 1  -0.0000000 -0.0000000 -0.0228826  0.0000000  0.9997382
 2   0.0000000  0.0000000  0.9997382  0.0000000  0.0228826
 3  -0.0519753 -0.9090972  0.0000000 -0.4133289  0.0000000
 4  -0.0839397  0.4164007 -0.0000000 -0.9052981  0.0000000
 5   0.9951144 -0.0123584 -0.0000000 -0.0979519  0.0000000
 occupations
 0.550 -0.002 -0.000 -0.005  0.000
-0.002  0.482 -0.000 -0.009  0.000
-0.000 -0.000  0.474  0.000  0.004
-0.005 -0.009  0.000  0.498 -0.000
 0.000  0.000  0.004 -0.000  0.316
nsum = 111.1954074
 exit write_ns
 Atomic wfc used for LDA+U Projector are NOT orthogonalized
     Starting wfc from file
 
  total number of bands =          806
  band subset =            1  ...          806
  number of bands in subset =          806

     starting charge  672.00000
 LDA+U - reading occupations
  0.551587054747032       1.230003961811107E-003 -1.616489981915667E-004
 -5.158167361403681E-003  9.961177097125417E-004  1.230003961811107E-003
  0.481451723791880      -2.290026498609001E-004  1.150962253040047E-002
  3.855829360774415E-004 -1.616489981915667E-004 -2.290026498609001E-004
  0.476546805263558      -1.391663473245932E-003 -4.619251011656379E-003
 -5.158167361403681E-003  1.150962253040047E-002 -1.391663473245932E-003
  0.493244847208555       6.847035253244337E-004  9.961177097125417E-004
  3.855829360774415E-004 -4.619251011656379E-003  6.847035253244337E-004
  0.316885637505279       0.551582102357157       1.229195792434004E-003
 -1.616210114233866E-004 -5.157845323862180E-003  9.964966922884461E-004
  1.229195792434004E-003  0.481437687983222      -2.294349797270069E-004
  1.151114235361904E-002  3.856333339982474E-004 -1.616210114233866E-004
 -2.294349797270069E-004  0.476533325462861      -1.391652767712074E-003
 -4.620184164155989E-003 -5.157845323862180E-003  1.151114235361904E-002
 -1.391652767712074E-003  0.493240561844346       6.851313380084274E-004
  9.964966922884461E-004  3.856333339982474E-004 -4.620184164155989E-003
  6.851313380084274E-004  0.316878093677341       0.550012788536745     
  1.879902803437858E-003  1.990179306319203E-004 -4.922041369138137E-003
  2.507734826767121E-004  1.879902803437858E-003  0.480415103432395     
 -3.943611203940044E-004  9.221075982132414E-003  2.370160182527097E-004
  1.990179306319203E-004 -3.943611203940044E-004  0.473685981999348     
 -3.661901209599676E-004 -3.334302122652676E-003 -4.922041369138137E-003
  9.221075982132414E-003 -3.661901209599676E-004  0.498602563042603     
  4.800360634641157E-004  2.507734826767121E-004  2.370160182527097E-004
 -3.334302122652676E-003  4.800360634641157E-004  0.318089806355751     
  0.550013189496710       1.879821560741745E-003  1.989692248690465E-004
 -4.921994838193497E-003  2.508250175034990E-004  1.879821560741745E-003
  0.480415837053811      -3.943252690329832E-004  9.221074757766564E-003
  2.370143200462302E-004  1.989692248690465E-004 -3.943252690329832E-004
  0.473687032222479      -3.661882214122579E-004 -3.334286971270860E-003
 -4.921994838193497E-003  9.221074757766564E-003 -3.661882214122579E-004
  0.498603055248097       4.800793050489613E-004  2.508250175034990E-004
  2.370143200462302E-004 -3.334286971270860E-003  4.800793050489613E-004
  0.318090518825131       0.551587054747032       1.230003961811104E-003
  1.616489981906938E-004 -5.158167361403678E-003 -9.961177097098507E-004
  1.230003961811104E-003  0.481451723791880       2.290026498584125E-004
  1.150962253040047E-002 -3.855829360753605E-004  1.616489981906938E-004
  2.290026498584125E-004  0.476546805263558       1.391663473247064E-003
 -4.619251011656378E-003 -5.158167361403678E-003  1.150962253040047E-002
  1.391663473247064E-003  0.493244847208555      -6.847035253280524E-004
 -9.961177097098507E-004 -3.855829360753605E-004 -4.619251011656378E-003
 -6.847035253280524E-004  0.316885637505279       0.551582102357157     
  1.229195792434001E-003  1.616210114225136E-004 -5.157845323862177E-003
 -9.964966922857551E-004  1.229195792434001E-003  0.481437687983222     
  2.294349797245193E-004  1.151114235361905E-002 -3.856333339961665E-004
  1.616210114225136E-004  2.294349797245193E-004  0.476533325462861     
  1.391652767713206E-003 -4.620184164155988E-003 -5.157845323862177E-003
  1.151114235361905E-002  1.391652767713206E-003  0.493240561844346     
 -6.851313380120459E-004 -9.964966922857551E-004 -3.856333339961665E-004
 -4.620184164155988E-003 -6.851313380120459E-004  0.316878093677341     
  0.550012788536745       1.879902803437856E-003 -1.990179306327820E-004
 -4.922041369138139E-003 -2.507734826740143E-004  1.879902803437856E-003
  0.480415103432395       3.943611203915212E-004  9.221075982132414E-003
 -2.370160182506295E-004 -1.990179306327820E-004  3.943611203915212E-004
  0.473685981999348       3.661901209611005E-004 -3.334302122652675E-003
 -4.922041369138139E-003  9.221075982132414E-003  3.661901209611005E-004
  0.498602563042603      -4.800360634677593E-004 -2.507734826740143E-004
 -2.370160182506295E-004 -3.334302122652675E-003 -4.800360634677593E-004
  0.318089806355751       0.550013189496710       1.879821560741742E-003
 -1.989692248699083E-004 -4.921994838193498E-003 -2.508250175008012E-004
  1.879821560741742E-003  0.480415837053811       3.943252690305000E-004
  9.221074757766566E-003 -2.370143200441501E-004 -1.989692248699083E-004
  3.943252690305000E-004  0.473687032222479       3.661882214133908E-004
 -3.334286971270859E-003 -4.921994838193498E-003  9.221074757766566E-003
  3.661882214133908E-004  0.498603055248097      -4.800793050526048E-004
 -2.508250175008012E-004 -2.370143200441501E-004 -3.334286971270859E-003
 -4.800793050526048E-004  0.318090518825131       0.551154055130888     
  1.547734166626261E-003 -4.335796497769729E-016 -5.887362616756664E-003
  1.339623826820090E-015  1.547734166626261E-003  0.483152418547753     
 -1.248703563424843E-015  9.134503110973656E-003  1.044747516080628E-015
 -4.335796497769729E-016 -1.248703563424843E-015  0.474582114691299     
  5.689935244234677E-016 -3.993439969581823E-003 -5.887362616756664E-003
  9.134503110973656E-003  5.689935244234677E-016  0.495824602148042     
 -1.806638804766779E-015  1.339623826820090E-015  1.044747516080628E-015
 -3.993439969581823E-003 -1.806638804766779E-015  0.315092495489964     
  0.551153940249561       1.547788912580053E-003 -4.335807109736694E-016
 -5.887432987450003E-003  1.339621238317935E-015  1.547788912580053E-003
  0.483151993932609      -1.248702503027451E-015  9.134547670324771E-003
  1.044746497700594E-015 -4.335807109736694E-016 -1.248702503027451E-015
  0.474581311899954       5.689951285588698E-016 -3.993928223606933E-003
 -5.887432987450003E-003  9.134547670324771E-003  5.689951285588698E-016
  0.495824350579650      -1.806634424367738E-015  1.339621238317935E-015
  1.044746497700594E-015 -3.993928223606933E-003 -1.806634424367738E-015
  0.315091573077658       0.550331955918675       1.738781086149789E-003
 -4.318499667436728E-016 -5.325037757242039E-003  1.343744692924377E-015
  1.738781086149789E-003  0.481728851281384      -1.245100205562371E-015
  8.944146461832373E-003  1.042404335214638E-015 -4.318499667436728E-016
 -1.245100205562371E-015  0.473920157309997       5.682611112888614E-016
 -3.605426852941326E-003 -5.325037757242039E-003  8.944146461832373E-003
  5.682611112888614E-016  0.497907147532702      -1.814515683551598E-015
  1.343744692924377E-015  1.042404335214638E-015 -3.605426852941326E-003
 -1.814515683551598E-015  0.316490051516917       0.550333894380635     
  1.739089427061866E-003 -4.318550236316784E-016 -5.325160907983809E-003
  1.343754389732524E-015  1.739089427061866E-003  0.481733465010978     
 -1.245112378196411E-015  8.943713454154121E-003  1.042414551258526E-015
 -4.318550236316784E-016 -1.245112378196411E-015  0.473925062800594     
  5.682655401934913E-016 -3.605297281318272E-003 -5.325160907983809E-003
  8.943713454154121E-003  5.682655401934913E-016  0.497908598769265     
 -1.814529089792434E-015  1.343754389732524E-015  1.042414551258526E-015
 -3.605297281318272E-003 -1.814529089792434E-015  0.316492457136623     
  0.547541201131951      -5.230176272545036E-005 -4.257769371052065E-016
 -4.169825498980707E-003  1.349596245566582E-015 -5.230176272545036E-005
  0.478852928504492      -1.238681212386594E-015  7.928826772542589E-003
  1.037274485616891E-015 -4.257769371052065E-016 -1.238681212386594E-015
  0.473795819377964       5.706310121182932E-016 -3.231558306025966E-003
 -4.169825498980707E-003  7.928826772542589E-003  5.706310121182932E-016
  0.501138276782125      -1.834212479710614E-015  1.349596245566582E-015
  1.037274485616891E-015 -3.231558306025966E-003 -1.834212479710614E-015
  0.319888996585648       0.547540452581454      -5.239622045819628E-005
 -4.257753930940620E-016 -4.169754703665302E-003  1.349593464941590E-015
 -5.239622045819628E-005  0.478851253852448      -1.238676868420044E-015
  7.928888631731580E-003  1.037270899093673E-015 -4.257753930940620E-016
 -1.238676868420044E-015  0.473794137759260       5.706300811283935E-016
 -3.231651383409248E-003 -4.169754703665302E-003  7.928888631731580E-003
  5.706300811283935E-016  0.501138039883291      -1.834208970480295E-015
  1.349593464941590E-015  1.037270899093673E-015 -3.231651383409248E-003
 -1.834208970480295E-015  0.319888324668372       0.547957190480223     
  5.041044231107680E-003 -4.787919673498493E-016  2.037663307643861E-002
  1.216327514211620E-015  5.041044231107680E-003  0.470468148440273     
 -1.234566628747522E-015 -1.393430820080632E-002  1.025935604307511E-015
 -4.787919673498493E-016 -1.234566628747522E-015  0.494067221060881     
  6.778664318885510E-016 -1.283555908229432E-002  2.037663307643861E-002
 -1.393430820080632E-002  6.778664318885510E-016  0.483128909111687     
