
     Program PWSCF v.4.3        starts on 10Sep2018 at 22:55:16 

     This program is part of the open-source Quantum ESPRESSO suite
     for quantum simulation of materials; please cite
         "P. Giannozzi et al., J. Phys.:Condens. Matter 21 395502 (2009);
          URL http://www.quantum-espresso.org", 
     in publications or presentations arising from this work. More details at
     http://www.quantum-espresso.org/wiki/index.php/Citing_Quantum-ESPRESSO

     Parallel version (MPI), running on    64 processors
     R & G space division:  proc/pool =   64

     Current dimensions of program PWSCF are:
     Max number of different atomic species (ntypx) = **
     Max number of k-points (npk) =  40000
     Max angular momentum in pseudopotentials (lmaxx) =  3
     Waiting for input...

     Atomic positions and unit cell read from directory:
     ./v2o5.O55-FCH.save/
 

     Subspace diagonalization in iterative solution of the eigenvalue problem:
     parallel, distributed-memory algorithm (size of sub-group:  5*  5 procs)

 
   Stick Mesh
   ----------
   nst = 10457,  nstw =  1035, nsts =  4177
               n.st   n.stw   n.sts    n.g    n.gw   n.gs
   min         163      16      65    9923     312    2501
   max         164      17      66    9926     317    2526
      10457    1035    4177  635163   20075  160693
 


     bravais-lattice index     =           14
     lattice parameter (a_0)   =      21.7375  a.u.
     unit-cell volume          =    7238.1051 (a.u.)^3
     number of atoms/cell      =           84
     number of atomic types    =            3
     number of electrons       =       672.00
     number of Kohn-Sham states=          806
     kinetic-energy cutoff     =      30.0000  Ry
     charge density cutoff     =     300.0000  Ry
     Exchange-correlation      = SLA  PW   PBE  PBE (1434)
     EXX-fraction              =        0.00

     celldm(1)=  21.737520  celldm(2)=   0.927671  celldm(3)=   0.759628
     celldm(4)=   0.000000  celldm(5)=   0.000000  celldm(6)=   0.000000

     crystal axes: (cart. coord. in units of a_0)
               a(1) = (   1.000000   0.000000   0.000000 )  
               a(2) = (   0.000000   0.927671   0.000000 )  
               a(3) = (   0.000000   0.000000   0.759628 )  

     reciprocal axes: (cart. coord. in units 2 pi/a_0)
               b(1) = (  1.000000  0.000000  0.000000 )  
               b(2) = (  0.000000  1.077968  0.000000 )  
               b(3) = (  0.000000  0.000000  1.316434 )  


     PseudoPot. # 1 for O  read from file O.pbe-van_bm.UPF
     MD5 check sum: ca2828d9fb1f294809e918903b7648d1
     Pseudo is Ultrasoft, Zval =  6.0
     Generated by new atomic code, or converted to UPF format
     Using radial grid of  737 points,  4 beta functions with: 
                l(1) =   0
                l(2) =   0
                l(3) =   1
                l(4) =   1
     Q(r) pseudized with  8 coefficients,  rinner =    0.800   0.800   0.800


     PseudoPot. # 2 for V  read from file V.pbe-van-yufengl.UPF
     MD5 check sum: 105a573f738f0b837c178d5a4207921b
     Pseudo is Ultrasoft + core correction, Zval = 13.0
     Generated by new atomic code, or converted to UPF format
     Using radial grid of  853 points,  6 beta functions with: 
                l(1) =   0
                l(2) =   0
                l(3) =   1
                l(4) =   1
                l(5) =   2
                l(6) =   2
     Q(r) pseudized with  6 coefficients,  rinner =    1.000   1.000   1.000
                                                       1.000   1.000

     PseudoPot. # 3 for ox read from file O.pbe-van-dgp-1s1.UPF
     MD5 check sum: 2083901d62884ac3a15d661bda1575b3
     Pseudo is Ultrasoft, Zval =  7.0
     Generated by new atomic code, or converted to UPF format
     Using radial grid of  737 points,  4 beta functions with: 
                l(1) =   0
                l(2) =   0
                l(3) =   1
                l(4) =   1
     Q(r) pseudized with  8 coefficients,  rinner =    0.800   0.800   0.800


     atomic species   valence    mass     pseudopotential
        O              6.00    15.99900     O ( 1.00)
        V             13.00    50.94000     V ( 1.00)
        OX             7.00    15.99900     ox( 1.00)

     Starting magnetic structure 
     atomic species   magnetization
        O            0.000
        V            0.010
        OX           0.000

     LDA+U calculation, Hubbard_lmax = 2
     atomic species  L   Hubbard U  Hubbard alpha
        V            2    0.227846    0.000000

      2 Sym.Ops. (no inversion)


   Cartesian axes

     site n.     atom                  positions (a_0 units)
         1           V   tau(  1) = (   0.1483269   0.0000000   0.3388149  )
         2           V   tau(  2) = (   0.1483269   0.0000000   0.7186289  )
         3           V   tau(  3) = (   0.1483269   0.3092237   0.3388149  )
         4           V   tau(  4) = (   0.1483269   0.3092237   0.7186289  )
         5           V   tau(  5) = (   0.1483269   0.6184474   0.3388149  )
         6           V   tau(  6) = (   0.1483269   0.6184474   0.7186289  )
         7           V   tau(  7) = (   0.3516731   0.1546118   0.0409986  )
         8           V   tau(  8) = (   0.3516731   0.1546118   0.4208125  )
         9           V   tau(  9) = (   0.3516731   0.4638355   0.0409986  )
        10           V   tau( 10) = (   0.3516731   0.4638355   0.4208125  )
        11           V   tau( 11) = (   0.3516731   0.7730592   0.0409986  )
        12           V   tau( 12) = (   0.3516731   0.7730592   0.4208125  )
        13           V   tau( 13) = (   0.6483270   0.1546118   0.0409980  )
        14           V   tau( 14) = (   0.6483270   0.1546118   0.4208119  )
        15           V   tau( 15) = (   0.6483270   0.4638355   0.0409980  )
        16           V   tau( 16) = (   0.6483270   0.4638355   0.4208119  )
        17           V   tau( 17) = (   0.6483270   0.7730592   0.0409980  )
        18           V   tau( 18) = (   0.6483270   0.7730592   0.4208119  )
        19           V   tau( 19) = (   0.8516731   0.0000000   0.3388154  )
        20           V   tau( 20) = (   0.8516731   0.0000000   0.7186293  )
        21           V   tau( 21) = (   0.8516731   0.3092237   0.3388154  )
        22           V   tau( 22) = (   0.8516731   0.3092237   0.7186293  )
        23           V   tau( 23) = (   0.8516731   0.6184474   0.3388154  )
        24           V   tau( 24) = (   0.8516731   0.6184474   0.7186293  )
        25           O   tau( 25) = (   0.1813361   0.1546118   0.3796345  )
        26           O   tau( 26) = (   0.1813361   0.1546118   0.7594484  )
        27           O   tau( 27) = (   0.1813361   0.4638355   0.3796345  )
        28           O   tau( 28) = (   0.1813361   0.4638355   0.7594484  )
        29           O   tau( 29) = (   0.1813361   0.7730592   0.3796345  )
        30           O   tau( 30) = (   0.1813361   0.7730592   0.7594484  )
        31           O   tau( 31) = (   0.3186639   0.0000000   0.0001795  )
        32           O   tau( 32) = (   0.3186639   0.0000000   0.3799935  )
        33           O   tau( 33) = (   0.3186639   0.3092237   0.0001795  )
        34           O   tau( 34) = (   0.3186639   0.3092237   0.3799935  )
        35           O   tau( 35) = (   0.3186639   0.6184474   0.0001795  )
        36           O   tau( 36) = (   0.3186639   0.6184474   0.3799935  )
        37           O   tau( 37) = (   0.6813362   0.0000000   0.0001795  )
        38           O   tau( 38) = (   0.6813362   0.0000000   0.3799935  )
        39           O   tau( 39) = (   0.6813362   0.3092237   0.0001795  )
        40           O   tau( 40) = (   0.6813362   0.3092237   0.3799935  )
        41           O   tau( 41) = (   0.6813362   0.6184474   0.0001795  )
        42           O   tau( 42) = (   0.6813362   0.6184474   0.3799935  )
        43           O   tau( 43) = (   0.8186639   0.1546118   0.3796345  )
        44           O   tau( 44) = (   0.8186639   0.1546118   0.7594485  )
        45           O   tau( 45) = (   0.8186639   0.4638355   0.3796345  )
        46           O   tau( 46) = (   0.8186639   0.4638355   0.7594485  )
        47           O   tau( 47) = (   0.8186639   0.7730592   0.3796345  )
        48           O   tau( 48) = (   0.8186639   0.7730592   0.7594485  )
        49           O   tau( 49) = (   0.8552736   0.0000000   0.2004983  )
        50           O   tau( 50) = (   0.8552736   0.0000000   0.5803123  )
        51           O   tau( 51) = (   0.8552736   0.3092237   0.2004983  )
        52           O   tau( 52) = (   0.8552736   0.3092237   0.5803123  )
        53           O   tau( 53) = (   0.8552736   0.6184474   0.2004983  )
        54           O   tau( 54) = (   0.8552736   0.6184474   0.5803123  )
        55           OX  tau( 55) = (   0.6447264   0.1546118   0.1793162  )
        56           O   tau( 56) = (   0.6447264   0.1546118   0.5591301  )
        57           O   tau( 57) = (   0.6447264   0.4638355   0.1793162  )
        58           O   tau( 58) = (   0.6447264   0.4638355   0.5591301  )
        59           O   tau( 59) = (   0.6447264   0.7730592   0.1793162  )
        60           O   tau( 60) = (   0.6447264   0.7730592   0.5591301  )
        61           O   tau( 61) = (   0.3552736   0.1546118   0.1793157  )
        62           O   tau( 62) = (   0.3552736   0.1546118   0.5591297  )
        63           O   tau( 63) = (   0.3552736   0.4638355   0.1793157  )
        64           O   tau( 64) = (   0.3552736   0.4638355   0.5591297  )
        65           O   tau( 65) = (   0.3552736   0.7730592   0.1793157  )
        66           O   tau( 66) = (   0.3552736   0.7730592   0.5591297  )
        67           O   tau( 67) = (   0.5000000   0.1546118   0.3788864  )
        68           O   tau( 68) = (   0.5000000   0.1546118   0.7587004  )
        69           O   tau( 69) = (   0.5000000   0.4638355   0.3788864  )
        70           O   tau( 70) = (   0.5000000   0.4638355   0.7587004  )
        71           O   tau( 71) = (   0.5000000   0.7730592   0.3788864  )
        72           O   tau( 72) = (   0.5000000   0.7730592   0.7587004  )
        73           O   tau( 73) = (  -0.0000000   0.0000000   0.0009276  )
        74           O   tau( 74) = (  -0.0000000   0.0000000   0.3807415  )
        75           O   tau( 75) = (  -0.0000000   0.3092237   0.0009276  )
        76           O   tau( 76) = (  -0.0000000   0.3092237   0.3807415  )
        77           O   tau( 77) = (  -0.0000000   0.6184474   0.0009276  )
        78           O   tau( 78) = (  -0.0000000   0.6184474   0.3807415  )
        79           O   tau( 79) = (   0.1447264   0.0000000   0.2004987  )
        80           O   tau( 80) = (   0.1447264   0.0000000   0.5803126  )
        81           O   tau( 81) = (   0.1447264   0.3092237   0.2004987  )
        82           O   tau( 82) = (   0.1447264   0.3092237   0.5803126  )
        83           O   tau( 83) = (   0.1447264   0.6184474   0.2004987  )
        84           O   tau( 84) = (   0.1447264   0.6184474   0.5803126  )

     number of k points=     2  Fermi-Dirac smearing, width (Ry)=  0.0019
                       cart. coord. in units 2pi/a_0
        k(    1) = (   0.0000000   0.0000000   0.0000000), wk =   1.0000000
        k(    2) = (   0.0000000   0.0000000   0.0000000), wk =   1.0000000

     G cutoff = 3590.7196  ( 635163 G-vectors)     FFT grid: (120,120, 96)
     G cutoff = 1436.2879  ( 160693 G-vectors)  smooth grid: ( 75, 72, 60)

     Largest allocated arrays     est. size (Mb)     dimensions
        Kohn-Sham Wavefunctions         3.86 Mb     (    314, 806)
        Atomic wavefunctions            2.30 Mb     (    314, 480)
        NL pseudopotentials             4.37 Mb     (    314, 912)
        Each V/rho on FFT grid          0.88 Mb     (  28800,   2)
        Each G-vector array             0.08 Mb     (   9926)
        G-vector shells                 0.04 Mb     (   4971)
     Largest temporary arrays     est. size (Mb)     dimensions
        Auxiliary wavefunctions        15.45 Mb     (    314,3224)
        Each subspace H/S matrix      158.60 Mb     (   3224,3224)
        Each <psi_i|beta_j> matrix     11.22 Mb     (    912, 806)

     Check: negative/imaginary core charge=   -0.000004    0.000000

     The potential is recalculated from file :
     ./v2o5.O55-FCH.save/charge-density.dat


     negative rho (up, down):  0.119E-01 0.119E-01

     Parameters of the lda+U calculation:
     Number of iteration with fixed ns =  0
     Starting ns and Hubbard U :
 enter write_ns
U( 1) =  0.0000      U( 2) =  3.1000      U( 3) =  0.0000
alpha( 1) =  0.0000      alpha( 2) =  0.0000      alpha( 3) =  0.0000
atom    1   Tr[ns(na)]=   4.6401766
atom    1   spin  1
eigenvalues:  0.3160295 0.4747298 0.4770161 0.5016830 0.5506311
 eigenvectors
 1  -0.0009443 -0.0005626  0.0244554 -0.0014055  0.9996993
 2  -0.0013911  0.0231179  0.9994312  0.0019584 -0.0244344
 3   0.0439594 -0.9182374  0.0205204  0.3930476 -0.0004246
 4  -0.0716435 -0.3951686  0.0107904 -0.9157451 -0.0018415
 5  -0.9964597 -0.0121284 -0.0012889  0.0831784 -0.0007996
 occupations
 0.550  0.002  0.000 -0.004  0.000
 0.002  0.481 -0.000  0.009  0.000
 0.000 -0.000  0.475 -0.000 -0.004
-0.004  0.009 -0.000  0.498  0.000
 0.000  0.000 -0.004  0.000  0.316
atom    1   spin  2
eigenvalues:  0.3160291 0.4747290 0.4770152 0.5016828 0.5506309
 eigenvectors
 1  -0.0009445 -0.0005625  0.0244559 -0.0014057  0.9996993
 2  -0.0013922  0.0231198  0.9994312  0.0019572 -0.0244349
 3   0.0439578 -0.9182398  0.0205228  0.3930420 -0.0004246
 4  -0.0716442 -0.3951630  0.0107898 -0.9157475 -0.0018416
 5  -0.9964597 -0.0121272 -0.0012899  0.0831783 -0.0007997
 occupations
 0.550  0.002  0.000 -0.004  0.000
 0.002  0.481 -0.000  0.009  0.000
 0.000 -0.000  0.475 -0.000 -0.004
-0.004  0.009 -0.000  0.498  0.000
 0.000  0.000 -0.004  0.000  0.316
atom    2   Tr[ns(na)]=   4.6369897
atom    2   spin  1
eigenvalues:  0.3126663 0.4765867 0.4770668 0.5004012 0.5517723
 eigenvectors
 1  -0.0028478 -0.0008548  0.0305750 -0.0005616  0.9995279
 2  -0.0316445  0.6295466 -0.6989172 -0.3372185  0.0216382
 3  -0.0281595  0.6348724  0.7139376 -0.2932120 -0.0215410
 4   0.0616930  0.4477761 -0.0295486  0.8915232  0.0019635
 5   0.9971918  0.0102009 -0.0001030 -0.0741384  0.0028114
 occupations
 0.551  0.001 -0.000 -0.004  0.001
 0.001  0.482 -0.000  0.009  0.000
-0.000 -0.000  0.477 -0.001 -0.005
-0.004  0.009 -0.001  0.496  0.000
 0.001  0.000 -0.005  0.000  0.313
atom    2   spin  2
eigenvalues:  0.3126674 0.4765874 0.4770674 0.5004015 0.5517727
 eigenvectors
 1  -0.0028476 -0.0008545  0.0305734 -0.0005611  0.9995279
 2  -0.0316333  0.6292970 -0.6991983 -0.3371022  0.0216456
 3  -0.0281737  0.6351191  0.7136624 -0.2933468 -0.0215314
 4   0.0616936  0.4477770 -0.0295461  0.8915227  0.0019628
 5   0.9971917  0.0102017 -0.0001019 -0.0741394  0.0028112
 occupations
 0.551  0.001 -0.000 -0.004  0.001
 0.001  0.482 -0.000  0.009  0.000
-0.000 -0.000  0.477 -0.001 -0.005
-0.004  0.009 -0.001  0.496  0.000
 0.001  0.000 -0.005  0.000  0.313
atom    3   Tr[ns(na)]=   4.6401766
atom    3   spin  1
eigenvalues:  0.3160295 0.4747298 0.4770161 0.5016830 0.5506311
 eigenvectors
 1   0.0009443  0.0005626  0.0244554  0.0014055  0.9996993
 2  -0.0013911  0.0231179 -0.9994312  0.0019584  0.0244344
 3  -0.0439594  0.9182374  0.0205204 -0.3930476 -0.0004246
 4  -0.0716435 -0.3951686 -0.0107904 -0.9157451  0.0018415
 5  -0.9964597 -0.0121284  0.0012889  0.0831784  0.0007996
 occupations
 0.550  0.002 -0.000 -0.004 -0.000
 0.002  0.481  0.000  0.009 -0.000
-0.000  0.000  0.475  0.000 -0.004
-0.004  0.009  0.000  0.498 -0.000
-0.000 -0.000 -0.004 -0.000  0.316
atom    3   spin  2
eigenvalues:  0.3160291 0.4747290 0.4770152 0.5016828 0.5506309
 eigenvectors
 1   0.0009445  0.0005625  0.0244559  0.0014057  0.9996993
 2  -0.0013922  0.0231198 -0.9994312  0.0019572  0.0244349
 3  -0.0439578  0.9182398  0.0205228 -0.3930420 -0.0004246
 4  -0.0716442 -0.3951630 -0.0107898 -0.9157475  0.0018416
 5  -0.9964597 -0.0121272  0.0012899  0.0831783  0.0007997
 occupations
 0.550  0.002 -0.000 -0.004 -0.000
 0.002  0.481  0.000  0.009 -0.000
-0.000  0.000  0.475  0.000 -0.004
-0.004  0.009  0.000  0.498 -0.000
-0.000 -0.000 -0.004 -0.000  0.316
atom    4   Tr[ns(na)]=   4.6369897
atom    4   spin  1
eigenvalues:  0.3126663 0.4765867 0.4770668 0.5004012 0.5517723
 eigenvectors
 1   0.0028478  0.0008548  0.0305750  0.0005616  0.9995279
 2   0.0316445 -0.6295466 -0.6989172  0.3372185  0.0216382
 3  -0.0281595  0.6348724 -0.7139376 -0.2932120  0.0215410
 4   0.0616930  0.4477761  0.0295486  0.8915232 -0.0019635
 5   0.9971918  0.0102009  0.0001030 -0.0741384 -0.0028114
 occupations
 0.551  0.001  0.000 -0.004 -0.001
 0.001  0.482  0.000  0.009 -0.000
 0.000  0.000  0.477  0.001 -0.005
-0.004  0.009  0.001  0.496 -0.000
-0.001 -0.000 -0.005 -0.000  0.313
atom    4   spin  2
eigenvalues:  0.3126674 0.4765874 0.4770674 0.5004015 0.5517727
 eigenvectors
 1   0.0028476  0.0008545  0.0305734  0.0005611  0.9995279
 2   0.0316333 -0.6292970 -0.6991983  0.3371022  0.0216456
 3  -0.0281737  0.6351191 -0.7136624 -0.2933468  0.0215314
 4   0.0616936  0.4477770  0.0295461  0.8915227 -0.0019628
 5   0.9971917  0.0102017  0.0001019 -0.0741394 -0.0028112
 occupations
 0.551  0.001  0.000 -0.004 -0.001
 0.001  0.482  0.000  0.009 -0.000
 0.000  0.000  0.477  0.001 -0.005
-0.004  0.009  0.001  0.496 -0.000
-0.001 -0.000 -0.005 -0.000  0.313
atom    5   Tr[ns(na)]=   4.6401406
atom    5   spin  1
eigenvalues:  0.3155514 0.4744521 0.4776607 0.5014856 0.5509177
 eigenvectors
 1  -0.0000000 -0.0000000  0.0243616  0.0000000  0.9997032
 2   0.0000000 -0.0000000 -0.9997032  0.0000000  0.0243616
 3   0.0487877 -0.9116819  0.0000000  0.4079900 -0.0000000
 4   0.0791157  0.4107203  0.0000000  0.9083224 -0.0000000
 5  -0.9956709 -0.0120366  0.0000000  0.0921665 -0.0000000
 occupations
 0.550  0.002 -0.000 -0.005  0.000
 0.002  0.482 -0.000  0.009  0.000
-0.000 -0.000  0.474  0.000 -0.004
-0.005  0.009  0.000  0.498 -0.000
 0.000  0.000 -0.004 -0.000  0.316
atom    5   spin  2
eigenvalues:  0.3155523 0.4744547 0.4776616 0.5014859 0.5509185
 eigenvectors
 1  -0.0000000 -0.0000000  0.0243601  0.0000000  0.9997032
 2   0.0000000 -0.0000000 -0.9997032  0.0000000  0.0243601
 3   0.0487859 -0.9116776  0.0000000  0.4079998 -0.0000000
 4   0.0791131  0.4107300  0.0000000  0.9083182 -0.0000000
 5  -0.9956712 -0.0120350  0.0000000  0.0921635 -0.0000000
 occupations
 0.550  0.002 -0.000 -0.005  0.000
 0.002  0.482 -0.000  0.009  0.000
-0.000 -0.000  0.474  0.000 -0.004
-0.005  0.009  0.000  0.498 -0.000
 0.000  0.000 -0.004 -0.000  0.316
atom    6   Tr[ns(na)]=   4.6386362
atom    6   spin  1
eigenvalues:  0.3135202 0.4753516 0.4780887 0.5006566 0.5516940
 eigenvectors
 1  -0.0000000 -0.0000000  0.0274875  0.0000000  0.9996221
 2   0.0000000 -0.0000000 -0.9996221  0.0000000  0.0274875
 3   0.0499435 -0.8948042  0.0000000  0.4436564 -0.0000000
 4   0.0771196  0.4463396  0.0000000  0.8915344 -0.0000000
 5  -0.9957702 -0.0103118  0.0000000  0.0912988 -0.0000000
 occupations
 0.551  0.002 -0.000 -0.005  0.000
 0.002  0.483 -0.000  0.009  0.000
-0.000 -0.000  0.475  0.000 -0.004
-0.005  0.009  0.000  0.497 -0.000
 0.000  0.000 -0.004 -0.000  0.314
atom    6   spin  2
eigenvalues:  0.3135223 0.4753571 0.4780921 0.5006579 0.5516957
 eigenvectors
 1  -0.0000000 -0.0000000  0.0274844  0.0000000  0.9996222
 2   0.0000000 -0.0000000 -0.9996222  0.0000000  0.0274844
 3   0.0499466 -0.8947862  0.0000000  0.4436925 -0.0000000
 4   0.0771169  0.4463758  0.0000000  0.8915165 -0.0000000
 5  -0.9957702 -0.0103120  0.0000000  0.0912981 -0.0000000
 occupations
 0.551  0.002 -0.000 -0.005  0.000
 0.002  0.483 -0.000  0.009  0.000
-0.000 -0.000  0.475  0.000 -0.004
-0.005  0.009  0.000  0.497 -0.000
 0.000  0.000 -0.004 -0.000  0.314
atom    7   Tr[ns(na)]=   4.6355178
atom    7   spin  1
eigenvalues:  0.3079388 0.4793138 0.4811325 0.4983647 0.5509883
 eigenvectors
 1  -0.0000000 -0.0000000  0.0377212  0.0000000  0.9992883
 2   0.0162486 -0.9684328 -0.0000000  0.2487447  0.0000000
 3  -0.0000000  0.0000000 -0.9992883 -0.0000000  0.0377212
 4   0.0445295 -0.2478298 -0.0000000 -0.9677797  0.0000000
 5   0.9988759  0.0268015 -0.0000000  0.0390969  0.0000000
 occupations
 0.551  0.002 -0.000  0.002  0.000
 0.002  0.481 -0.000  0.005  0.000
-0.000 -0.000  0.481  0.000 -0.007
 0.002  0.005  0.000  0.497 -0.000
 0.000  0.000 -0.007 -0.000  0.308
atom    7   spin  2
eigenvalues:  0.3079461 0.4793274 0.4811454 0.4983681 0.5509929
 eigenvectors
 1  -0.0000000 -0.0000000  0.0377138  0.0000000  0.9992886
 2   0.0162594 -0.9684133 -0.0000000  0.2488197  0.0000000
 3  -0.0000000  0.0000000 -0.9992886 -0.0000000  0.0377138
 4   0.0445291 -0.2479044 -0.0000000 -0.9677606  0.0000000
 5   0.9988758  0.0268149 -0.0000000  0.0390918  0.0000000
 occupations
 0.551  0.002 -0.000  0.002  0.000
 0.002  0.481 -0.000  0.005  0.000
-0.000 -0.000  0.481  0.000 -0.007
 0.002  0.005  0.000  0.497 -0.000
 0.000  0.000 -0.007 -0.000  0.308
atom    8   Tr[ns(na)]=   4.6398320
atom    8   spin  1
eigenvalues:  0.3160298 0.4753214 0.4771620 0.5018997 0.5495049
 eigenvectors
 1  -0.0000000 -0.0000000  0.0250160  0.0000000  0.9996871
 2   0.0000000 -0.0000000 -0.9996871  0.0000000  0.0250160
 3   0.0260906 -0.9344788  0.0000000  0.3550614 -0.0000000
 4  -0.0636890 -0.3560146 -0.0000000 -0.9323075  0.0000000
 5   0.9976287  0.0017109 -0.0000000 -0.0688046  0.0000000
 occupations
 0.549  0.001 -0.000 -0.003  0.000
 0.001  0.480 -0.000  0.008  0.000
-0.000 -0.000  0.475  0.000 -0.004
-0.003  0.008  0.000  0.499 -0.000
 0.000  0.000 -0.004 -0.000  0.316
atom    8   spin  2
eigenvalues:  0.3160290 0.4753204 0.4771607 0.5018994 0.5495046
 eigenvectors
 1  -0.0000000 -0.0000000  0.0250174  0.0000000  0.9996870
 2   0.0000000 -0.0000000 -0.9996870  0.0000000  0.0250174
 3   0.0260891 -0.9344814  0.0000000  0.3550548 -0.0000000
 4  -0.0636893 -0.3560079 -0.0000000 -0.9323100  0.0000000
 5   0.9976287  0.0017099 -0.0000000 -0.0688044  0.0000000
 occupations
 0.549  0.001 -0.000 -0.003  0.000
 0.001  0.480 -0.000  0.008  0.000
-0.000 -0.000  0.475  0.000 -0.004
-0.003  0.008  0.000  0.499 -0.000
 0.000  0.000 -0.004 -0.000  0.316
atom    9   Tr[ns(na)]=   4.6374613
atom    9   spin  1
eigenvalues:  0.3105975 0.4756983 0.4795028 0.5010148 0.5519167
 eigenvectors
 1  -0.0047564  0.0013484  0.0300509 -0.0056645  0.9995201
 2   0.0072765 -0.0622569  0.9952655  0.0682078 -0.0294179
 3   0.0474097 -0.9096704 -0.0847349  0.4037729  0.0062887
 4   0.0701429  0.4103673 -0.0369226  0.9084486  0.0060386
 5   0.9963718  0.0148562 -0.0004938 -0.0836909  0.0042619
 occupations
 0.551  0.002 -0.000 -0.005  0.001
 0.002  0.483 -0.000  0.008 -0.000
-0.000 -0.000  0.476 -0.001 -0.005
-0.005  0.008 -0.001  0.498  0.001
 0.001 -0.000 -0.005  0.001  0.311
atom    9   spin  2
eigenvalues:  0.3105975 0.4756987 0.4795031 0.5010148 0.5519169
 eigenvectors
 1  -0.0047558  0.0013483  0.0300502 -0.0056634  0.9995201
 2   0.0072771 -0.0622550  0.9952658  0.0682060 -0.0294173
 3   0.0474098 -0.9096704 -0.0847325  0.4037733  0.0062880
 4   0.0701429  0.4103675 -0.0369219  0.9084486  0.0060376
 5   0.9963718  0.0148563 -0.0004946 -0.0836910  0.0042614
 occupations
 0.551  0.002 -0.000 -0.005  0.001
 0.002  0.483 -0.000  0.008 -0.000
-0.000 -0.000  0.476 -0.001 -0.005
-0.005  0.008 -0.001  0.498  0.001
 0.001 -0.000 -0.005  0.001  0.311
atom   10   Tr[ns(na)]=   4.6399872
atom   10   spin  1
eigenvalues:  0.3151455 0.4744979 0.4779798 0.5016586 0.5507132
 eigenvectors
 1  -0.0016646  0.0000525  0.0246778 -0.0024601  0.9996910
 2   0.0001108 -0.0121139  0.9994780  0.0170391 -0.0246298
 3   0.0461305 -0.9179702 -0.0178027  0.3935522  0.0015330
 4   0.0779032  0.3962968 -0.0107353  0.9147447  0.0026250
 5   0.9958917  0.0115224  0.0015945 -0.0897912  0.0013973
 occupations
 0.550  0.002  0.000 -0.005  0.000
 0.002  0.482 -0.000  0.009  0.000
 0.000 -0.000  0.474 -0.000 -0.004
-0.005  0.009 -0.000  0.498  0.000
 0.000  0.000 -0.004  0.000  0.315
atom   10   spin  2
eigenvalues:  0.3151450 0.4744969 0.4779791 0.5016583 0.5507130
 eigenvectors
 1  -0.0016644  0.0000525  0.0246782 -0.0024597  0.9996910
 2   0.0001099 -0.0121115  0.9994781  0.0170352 -0.0246302
 3   0.0461291 -0.9179723 -0.0177988  0.3935478  0.0015327
 4   0.0779051  0.3962922 -0.0107327  0.9147465  0.0026246
 5   0.9958916  0.0115209  0.0015949 -0.0897923  0.0013971
 occupations
 0.550  0.002  0.000 -0.005  0.000
 0.002  0.482 -0.000  0.009  0.000
 0.000 -0.000  0.474 -0.000 -0.004
-0.005  0.009 -0.000  0.498  0.000
 0.000  0.000 -0.004  0.000  0.315
atom   11   Tr[ns(na)]=   4.6374613
atom   11   spin  1
eigenvalues:  0.3105975 0.4756983 0.4795028 0.5010148 0.5519167
 eigenvectors
 1   0.0047564 -0.0013484  0.0300509  0.0056645  0.9995201
 2   0.0072765 -0.0622569 -0.9952655  0.0682078  0.0294179
 3  -0.0474097  0.9096704 -0.0847349 -0.4037729  0.0062887
 4   0.0701429  0.4103673  0.0369226  0.9084486 -0.0060386
 5   0.9963718  0.0148562  0.0004938 -0.0836909 -0.0042619
 occupations
 0.551  0.002  0.000 -0.005 -0.001
 0.002  0.483  0.000  0.008  0.000
 0.000  0.000  0.476  0.001 -0.005
-0.005  0.008  0.001  0.498 -0.001
-0.001  0.000 -0.005 -0.001  0.311
atom   11   spin  2
eigenvalues:  0.3105975 0.4756987 0.4795031 0.5010148 0.5519169
 eigenvectors
 1   0.0047558 -0.0013483  0.0300502  0.0056634  0.9995201
 2   0.0072771 -0.0622550 -0.9952658  0.0682060  0.0294173
 3  -0.0474098  0.9096704 -0.0847325 -0.4037733  0.0062880
 4   0.0701429  0.4103675  0.0369219  0.9084486 -0.0060376
 5   0.9963718  0.0148563  0.0004946 -0.0836910 -0.0042614
 occupations
 0.551  0.002  0.000 -0.005 -0.001
 0.002  0.483  0.000  0.008  0.000
 0.000  0.000  0.476  0.001 -0.005
-0.005  0.008  0.001  0.498 -0.001
-0.001  0.000 -0.005 -0.001  0.311
atom   12   Tr[ns(na)]=   4.6399872
atom   12   spin  1
eigenvalues:  0.3151455 0.4744979 0.4779798 0.5016586 0.5507132
 eigenvectors
 1   0.0016646 -0.0000525  0.0246778  0.0024601  0.9996910
 2   0.0001108 -0.0121139 -0.9994780  0.0170391  0.0246298
 3  -0.0461305  0.9179702 -0.0178027 -0.3935522  0.0015330
 4   0.0779032  0.3962968  0.0107353  0.9147447 -0.0026250
 5   0.9958917  0.0115224 -0.0015945 -0.0897912 -0.0013973
 occupations
 0.550  0.002 -0.000 -0.005 -0.000
 0.002  0.482  0.000  0.009 -0.000
-0.000  0.000  0.474  0.000 -0.004
-0.005  0.009  0.000  0.498 -0.000
-0.000 -0.000 -0.004 -0.000  0.315
atom   12   spin  2
eigenvalues:  0.3151450 0.4744969 0.4779791 0.5016583 0.5507130
 eigenvectors
 1   0.0016644 -0.0000525  0.0246782  0.0024597  0.9996910
 2   0.0001099 -0.0121115 -0.9994781  0.0170352  0.0246302
 3  -0.0461291  0.9179723 -0.0177988 -0.3935478  0.0015327
 4   0.0779051  0.3962922  0.0107327  0.9147465 -0.0026246
 5   0.9958916  0.0115209 -0.0015949 -0.0897923 -0.0013971
 occupations
 0.550  0.002 -0.000 -0.005 -0.000
 0.002  0.482  0.000  0.009 -0.000
-0.000  0.000  0.474  0.000 -0.004
-0.005  0.009  0.000  0.498 -0.000
-0.000 -0.000 -0.004 -0.000  0.315
atom   13   Tr[ns(na)]=   4.4646995
atom   13   spin  1
eigenvalues:  0.3779634 0.4106300 0.4161954 0.4785148 0.5490066
 eigenvectors
 1   0.0000000 -0.0000000 -0.7516630 -0.0000000 -0.6595474
 2   0.0617116  0.9980641  0.0000000 -0.0077337 -0.0000000
 3  -0.0000000  0.0000000 -0.6595474  0.0000000  0.7516630
 4   0.9965501 -0.0611834 -0.0000000  0.0560757  0.0000000
 5   0.0554940 -0.0111675 -0.0000000 -0.9983966  0.0000000
 occupations
 0.478 -0.004 -0.000 -0.004  0.000
-0.004  0.411 -0.000  0.001  0.000
-0.000 -0.000  0.395  0.000 -0.019
-0.004  0.001  0.000  0.549 -0.000
 0.000  0.000 -0.019 -0.000  0.400
atom   13   spin  2
eigenvalues:  0.3779750 0.4106456 0.4162326 0.4785211 0.5490150
 eigenvectors
 1   0.0000000 -0.0000000 -0.7516268 -0.0000000 -0.6595886
 2   0.0617429  0.9980620  0.0000000 -0.0077492 -0.0000000
 3  -0.0000000  0.0000000 -0.6595886  0.0000000  0.7516268
 4   0.9965480 -0.0612138 -0.0000000  0.0560802  0.0000000
 5   0.0554972 -0.0111850 -0.0000000 -0.9983962  0.0000000
 occupations
 0.478 -0.004 -0.000 -0.004  0.000
-0.004  0.411 -0.000  0.001  0.000
-0.000 -0.000  0.395  0.000 -0.019
-0.004  0.001  0.000  0.549 -0.000
 0.000  0.000 -0.019 -0.000  0.400
atom   14   Tr[ns(na)]=   4.6460697
atom   14   spin  1
eigenvalues:  0.3210600 0.4738554 0.4776715 0.5035078 0.5469436
 eigenvectors
 1  -0.0000000 -0.0000000 -0.0176182  0.0000000  0.9998448
 2   0.0000000  0.0000000  0.9998448  0.0000000  0.0176182
 3  -0.0519398 -0.9383484  0.0000000 -0.3417668  0.0000000
 4  -0.0895316  0.3452260 -0.0000000 -0.9342393  0.0000000
 5   0.9946287 -0.0179253 -0.0000000 -0.1019429  0.0000000
 occupations
 0.546 -0.002 -0.000 -0.005  0.000
-0.002  0.481 -0.000 -0.008  0.000
-0.000 -0.000  0.474  0.000  0.003
-0.005 -0.008  0.000  0.501 -0.000
 0.000  0.000  0.003 -0.000  0.321
atom   14   spin  2
eigenvalues:  0.3210588 0.4738531 0.4776693 0.5035072 0.5469428
 eigenvectors
 1  -0.0000000 -0.0000000 -0.0176200  0.0000000  0.9998448
 2   0.0000000  0.0000000  0.9998448 -0.0000000  0.0176200
 3  -0.0519377 -0.9383532  0.0000000 -0.3417540  0.0000000
 4  -0.0895331  0.3452130 -0.0000000 -0.9342440  0.0000000
 5   0.9946287 -0.0179242 -0.0000000 -0.1019433  0.0000000
 occupations
 0.546 -0.002 -0.000 -0.005  0.000
-0.002  0.481 -0.000 -0.008  0.000
-0.000 -0.000  0.474  0.000  0.003
-0.005 -0.008  0.000  0.501 -0.000
 0.000  0.000  0.003 -0.000  0.321
atom   15   Tr[ns(na)]=   4.6430663
atom   15   spin  1
eigenvalues:  0.3148394 0.4724688 0.4813569 0.5003095 0.5525480
 eigenvectors
 1   0.0155537  0.0031710 -0.0150586  0.0379140  0.9990414
 2   0.0307514  0.1125638  0.9759308  0.1841072  0.0068873
 3  -0.0759128 -0.8607701  0.1893509 -0.4656834  0.0244409
 4  -0.1186994  0.4962793  0.1071040 -0.8526273  0.0342447
 5  -0.9894241  0.0100525  0.0027185  0.1443354  0.0099355
 occupations
 0.551 -0.002 -0.001 -0.008 -0.003
-0.002  0.486  0.000 -0.008 -0.000
-0.001  0.000  0.473 -0.003  0.003
-0.008 -0.008 -0.003  0.496 -0.007
-0.003 -0.000  0.003 -0.007  0.315
atom   15   spin  2
eigenvalues:  0.3148415 0.4724771 0.4813631 0.5003118 0.5525503
 eigenvectors
 1   0.0155536  0.0031710 -0.0150562  0.0379151  0.9990414
 2   0.0307609  0.1126244  0.9759104  0.1841765  0.0068814
 3  -0.0759258 -0.8607048  0.1894497 -0.4657614  0.0244454
 4  -0.1186821  0.4963786  0.1071146 -0.8525707  0.0342428
 5  -0.9894249  0.0100585  0.0027177  0.1443296  0.0099354
 occupations
 0.551 -0.002 -0.001 -0.008 -0.003
-0.002  0.486  0.000 -0.008 -0.000
-0.001  0.000  0.473 -0.003  0.003
-0.008 -0.008 -0.003  0.496 -0.007
-0.003 -0.000  0.003 -0.007  0.315
atom   16   Tr[ns(na)]=   4.6414002
atom   16   spin  1
eigenvalues:  0.3171607 0.4730933 0.4781263 0.5019111 0.5504105
 eigenvectors
 1   0.0033472  0.0005866 -0.0207832  0.0070709  0.9997532
 2  -0.0048708 -0.0075821  0.9995973  0.0172140  0.0206790
 3  -0.0573561 -0.9132426 -0.0003345 -0.4033428  0.0035737
 4   0.0932741 -0.4070858 -0.0181347  0.9084079 -0.0068753
 5   0.9939695 -0.0145361  0.0066508 -0.1084590 -0.0024139
 occupations
 0.550 -0.002  0.000 -0.006 -0.001
-0.002  0.482  0.000 -0.009 -0.000
 0.000  0.000  0.473 -0.001  0.003
-0.006 -0.009 -0.001  0.499 -0.001
-0.001 -0.000  0.003 -0.001  0.317
atom   16   spin  2
eigenvalues:  0.3171601 0.4730921 0.4781253 0.5019108 0.5504102
 eigenvectors
 1   0.0033470  0.0005866 -0.0207844  0.0070706  0.9997532
 2  -0.0048714 -0.0075863  0.9995974  0.0172100  0.0206802
 3  -0.0573544 -0.9132468 -0.0003402 -0.4033334  0.0035733
 4   0.0932738 -0.4070762 -0.0181327  0.9084123 -0.0068750
 5   0.9939696 -0.0145358  0.0066510 -0.1084578 -0.0024137
 occupations
 0.550 -0.002  0.000 -0.006 -0.001
-0.002  0.482  0.000 -0.009 -0.000
 0.000  0.000  0.473 -0.001  0.003
-0.006 -0.009 -0.001  0.499 -0.001
-0.001 -0.000  0.003 -0.001  0.317
atom   17   Tr[ns(na)]=   4.6430663
atom   17   spin  1
eigenvalues:  0.3148394 0.4724688 0.4813569 0.5003095 0.5525480
 eigenvectors
 1  -0.0155537 -0.0031710 -0.0150586 -0.0379140  0.9990414
 2   0.0307514  0.1125638 -0.9759308  0.1841072 -0.0068873
 3   0.0759128  0.8607701  0.1893509  0.4656834  0.0244409
 4  -0.1186994  0.4962793 -0.1071040 -0.8526273 -0.0342447
 5  -0.9894241  0.0100525 -0.0027185  0.1443354 -0.0099355
 occupations
 0.551 -0.002  0.001 -0.008  0.003
-0.002  0.486 -0.000 -0.008  0.000
 0.001 -0.000  0.473  0.003  0.003
-0.008 -0.008  0.003  0.496  0.007
 0.003  0.000  0.003  0.007  0.315
atom   17   spin  2
eigenvalues:  0.3148415 0.4724771 0.4813631 0.5003118 0.5525503
 eigenvectors
 1  -0.0155536 -0.0031710 -0.0150562 -0.0379151  0.9990414
 2   0.0307609  0.1126244 -0.9759104  0.1841765 -0.0068814
 3   0.0759258  0.8607048  0.1894497  0.4657614  0.0244454
 4  -0.1186821  0.4963786 -0.1071146 -0.8525707 -0.0342428
 5  -0.9894249  0.0100585 -0.0027177  0.1443296 -0.0099354
 occupations
 0.551 -0.002  0.001 -0.008  0.003
-0.002  0.486 -0.000 -0.008  0.000
 0.001 -0.000  0.473  0.003  0.003
-0.008 -0.008  0.003  0.496  0.007
 0.003  0.000  0.003  0.007  0.315
atom   18   Tr[ns(na)]=   4.6414002
atom   18   spin  1
eigenvalues:  0.3171607 0.4730933 0.4781263 0.5019111 0.5504105
 eigenvectors
 1  -0.0033472 -0.0005866 -0.0207832 -0.0070709  0.9997532
 2  -0.0048708 -0.0075821 -0.9995973  0.0172140 -0.0206790
 3   0.0573561  0.9132426 -0.0003345  0.4033428  0.0035737
 4   0.0932741 -0.4070858  0.0181347  0.9084079  0.0068753
 5   0.9939695 -0.0145361 -0.0066508 -0.1084590  0.0024139
 occupations
 0.550 -0.002 -0.000 -0.006  0.001
-0.002  0.482 -0.000 -0.009  0.000
-0.000 -0.000  0.473  0.001  0.003
-0.006 -0.009  0.001  0.499  0.001
 0.001  0.000  0.003  0.001  0.317
atom   18   spin  2
eigenvalues:  0.3171601 0.4730921 0.4781253 0.5019108 0.5504102
 eigenvectors
 1  -0.0033470 -0.0005866 -0.0207844 -0.0070706  0.9997532
 2  -0.0048714 -0.0075863 -0.9995974  0.0172100 -0.0206802
 3   0.0573544  0.9132468 -0.0003402  0.4033334  0.0035733
 4   0.0932738 -0.4070762  0.0181327  0.9084123  0.0068750
 5   0.9939696 -0.0145358 -0.0066510 -0.1084578  0.0024137
 occupations
 0.550 -0.002 -0.000 -0.006  0.001
-0.002  0.482 -0.000 -0.009  0.000
-0.000 -0.000  0.473  0.001  0.003
-0.006 -0.009  0.001  0.499  0.001
 0.001  0.000  0.003  0.001  0.317
atom   19   Tr[ns(na)]=   4.6437330
atom   19   spin  1
eigenvalues:  0.3207155 0.4721700 0.4755290 0.5031285 0.5503259
 eigenvectors
 1   0.0011291 -0.0029293 -0.0163357  0.0043027  0.9998524
 2  -0.0127434 -0.1838707  0.9816286 -0.0467711  0.0157150
 3   0.0529322  0.9066528  0.1882589  0.3737926  0.0040637
 4   0.0878159 -0.3793030 -0.0259496  0.9207133 -0.0055966
 5  -0.9946471  0.0171137 -0.0048676  0.1017847  0.0006558
 occupations
 0.550 -0.002  0.000 -0.005 -0.000
-0.002  0.479  0.001 -0.010  0.001
 0.000  0.001  0.472 -0.001  0.002
-0.005 -0.010 -0.001  0.500 -0.001
-0.000  0.001  0.002 -0.001  0.321
atom   19   spin  2
eigenvalues:  0.3207148 0.4721684 0.4755272 0.5031282 0.5503254
 eigenvectors
 1   0.0011289 -0.0029292 -0.0163373  0.0043025  0.9998524
 2  -0.0127438 -0.1838706  0.9816285 -0.0467719  0.0157165
 3   0.0529307  0.9066581  0.1882594  0.3737797  0.0040641
 4   0.0878163 -0.3792903 -0.0259462  0.9207185 -0.0055963
 5  -0.9946472  0.0171136 -0.0048679  0.1017843  0.0006557
 occupations
 0.550 -0.002  0.000 -0.005 -0.000
-0.002  0.479  0.001 -0.010  0.001
 0.000  0.001  0.472 -0.001  0.002
-0.005 -0.010 -0.001  0.500 -0.001
-0.000  0.001  0.002 -0.001  0.321
atom   20   Tr[ns(na)]=   4.6429068
atom   20   spin  1
eigenvalues:  0.3195819 0.4740237 0.4758785 0.4999145 0.5520448
 eigenvectors
 1   0.0086106  0.0015243 -0.0270370  0.0145464  0.9994903
 2  -0.0523790 -0.6815840 -0.5202315 -0.5118911 -0.0051320
 3  -0.0261225 -0.4680247  0.8501118 -0.2383890  0.0274045
 4  -0.0775600  0.5624722  0.0770495 -0.8194399  0.0138206
 5  -0.9952308  0.0043351 -0.0011722  0.0971841  0.0071212
 occupations
 0.551 -0.001 -0.000 -0.006 -0.002
-0.001  0.483  0.000 -0.012 -0.000
-0.000  0.000  0.475 -0.002  0.004
-0.006 -0.012 -0.002  0.492 -0.002
-0.002 -0.000  0.004 -0.002  0.320
atom   20   spin  2
eigenvalues:  0.3195855 0.4740290 0.4758851 0.4999168 0.5520472
 eigenvectors
 1   0.0086101  0.0015250 -0.0270323  0.0145469  0.9994905
 2  -0.0524009 -0.6818065 -0.5197491 -0.5120827 -0.0051125
 3  -0.0260962 -0.4676268  0.8504058 -0.2381242  0.0274042
 4  -0.0775514  0.5625335  0.0770630 -0.8193975  0.0138198
 5  -0.9952310  0.0043391 -0.0011717  0.0971819  0.0071206
 occupations
 0.551 -0.001 -0.000 -0.006 -0.002
-0.001  0.483  0.000 -0.012 -0.000
-0.000  0.000  0.475 -0.002  0.004
-0.006 -0.012 -0.002  0.492 -0.002
-0.002 -0.000  0.004 -0.002  0.320
atom   21   Tr[ns(na)]=   4.6437330
atom   21   spin  1
eigenvalues:  0.3207155 0.4721700 0.4755290 0.5031285 0.5503259
 eigenvectors
 1  -0.0011291  0.0029293 -0.0163357 -0.0043027  0.9998524
 2  -0.0127434 -0.1838707 -0.9816286 -0.0467711 -0.0157150
 3  -0.0529322 -0.9066528  0.1882589 -0.3737926  0.0040637
 4   0.0878159 -0.3793030  0.0259496  0.9207133  0.0055966
 5  -0.9946471  0.0171137  0.0048676  0.1017847 -0.0006558
 occupations
 0.550 -0.002 -0.000 -0.005  0.000
-0.002  0.479 -0.001 -0.010 -0.001
-0.000 -0.001  0.472  0.001  0.002
-0.005 -0.010  0.001  0.500  0.001
 0.000 -0.001  0.002  0.001  0.321
atom   21   spin  2
eigenvalues:  0.3207148 0.4721684 0.4755272 0.5031282 0.5503254
 eigenvectors
 1  -0.0011289  0.0029292 -0.0163373 -0.0043025  0.9998524
 2  -0.0127438 -0.1838706 -0.9816285 -0.0467719 -0.0157165
 3  -0.0529307 -0.9066581  0.1882594 -0.3737797  0.0040641
 4   0.0878163 -0.3792903  0.0259462  0.9207185  0.0055963
 5  -0.9946472  0.0171136  0.0048679  0.1017843 -0.0006557
 occupations
 0.550 -0.002 -0.000 -0.005  0.000
-0.002  0.479 -0.001 -0.010 -0.001
-0.000 -0.001  0.472  0.001  0.002
-0.005 -0.010  0.001  0.500  0.001
 0.000 -0.001  0.002  0.001  0.321
atom   22   Tr[ns(na)]=   4.6429068
atom   22   spin  1
eigenvalues:  0.3195819 0.4740237 0.4758785 0.4999145 0.5520448
 eigenvectors
 1  -0.0086106 -0.0015243 -0.0270370 -0.0145464  0.9994903
 2   0.0523790  0.6815840 -0.5202315  0.5118911 -0.0051320
 3  -0.0261225 -0.4680247 -0.8501118 -0.2383890 -0.0274045
 4  -0.0775600  0.5624722 -0.0770495 -0.8194399 -0.0138206
 5  -0.9952308  0.0043351  0.0011722  0.0971841 -0.0071212
 occupations
 0.551 -0.001  0.000 -0.006  0.002
-0.001  0.483 -0.000 -0.012  0.000
 0.000 -0.000  0.475  0.002  0.004
-0.006 -0.012  0.002  0.492  0.002
 0.002  0.000  0.004  0.002  0.320
atom   22   spin  2
eigenvalues:  0.3195855 0.4740290 0.4758851 0.4999168 0.5520472
 eigenvectors
 1  -0.0086101 -0.0015250 -0.0270323 -0.0145469  0.9994905
 2   0.0524009  0.6818065 -0.5197491  0.5120827 -0.0051125
 3  -0.0260962 -0.4676268 -0.8504058 -0.2381242 -0.0274042
 4  -0.0775514  0.5625335 -0.0770630 -0.8193975 -0.0138198
 5  -0.9952310  0.0043391  0.0011717  0.0971819 -0.0071206
 occupations
 0.551 -0.001  0.000 -0.006  0.002
-0.001  0.483 -0.000 -0.012  0.000
 0.000 -0.000  0.475  0.002  0.004
-0.006 -0.012  0.002  0.492  0.002
 0.002  0.000  0.004  0.002  0.320
atom   23   Tr[ns(na)]=   4.6414165
atom   23   spin  1
eigenvalues:  0.3172081 0.4734933 0.4775650 0.5015986 0.5508450
 eigenvectors
 1  -0.0000000 -0.0000000 -0.0211738  0.0000000  0.9997758
 2   0.0000000  0.0000000  0.9997758 -0.0000000  0.0211738
 3   0.0552708  0.9074461 -0.0000000  0.4165175 -0.0000000
 4  -0.0892356  0.4199751 -0.0000000 -0.9031378  0.0000000
 5  -0.9944758  0.0127489  0.0000000  0.1041888 -0.0000000
 occupations
 0.550 -0.002 -0.000 -0.006  0.000
-0.002  0.482 -0.000 -0.009  0.000
-0.000 -0.000  0.473  0.000  0.003
-0.006 -0.009  0.000  0.498 -0.000
 0.000  0.000  0.003 -0.000  0.317
atom   23   spin  2
eigenvalues:  0.3172075 0.4734921 0.4775640 0.5015982 0.5508447
 eigenvectors
 1  -0.0000000 -0.0000000 -0.0211738  0.0000000  0.9997758
 2   0.0000000  0.0000000  0.9997758 -0.0000000  0.0211738
