
     Program PWSCF v.4.3        starts on  6Sep2018 at 15:37: 8 

     This program is part of the open-source Quantum ESPRESSO suite
     for quantum simulation of materials; please cite
         "P. Giannozzi et al., J. Phys.:Condens. Matter 21 395502 (2009);
          URL http://www.quantum-espresso.org", 
     in publications or presentations arising from this work. More details at
     http://www.quantum-espresso.org/wiki/index.php/Citing_Quantum-ESPRESSO

     Parallel version (MPI), running on    64 processors
     R & G space division:  proc/pool =   64

     Current dimensions of program PWSCF are:
     Max number of different atomic species (ntypx) = **
     Max number of k-points (npk) =  40000
     Max angular momentum in pseudopotentials (lmaxx) =  3
     Waiting for input...

     Atomic positions and unit cell read from directory:
     ./v2o5.O49-FCH.save/
 

     Subspace diagonalization in iterative solution of the eigenvalue problem:
     parallel, distributed-memory algorithm (size of sub-group:  5*  5 procs)

 
   Stick Mesh
   ----------
   nst = 10457,  nstw =  1035, nsts =  4177
               n.st   n.stw   n.sts    n.g    n.gw   n.gs
   min         163      16      65    9923     312    2501
   max         164      17      66    9926     317    2526
      10457    1035    4177  635163   20075  160693
 


     bravais-lattice index     =           14
     lattice parameter (a_0)   =      21.7375  a.u.
     unit-cell volume          =    7238.1051 (a.u.)^3
     number of atoms/cell      =           84
     number of atomic types    =            3
     number of electrons       =       672.00
     number of Kohn-Sham states=          806
     kinetic-energy cutoff     =      30.0000  Ry
     charge density cutoff     =     300.0000  Ry
     Exchange-correlation      = SLA  PW   PBE  PBE (1434)
     EXX-fraction              =        0.00

     celldm(1)=  21.737520  celldm(2)=   0.927671  celldm(3)=   0.759628
     celldm(4)=   0.000000  celldm(5)=   0.000000  celldm(6)=   0.000000

     crystal axes: (cart. coord. in units of a_0)
               a(1) = (   1.000000   0.000000   0.000000 )  
               a(2) = (   0.000000   0.927671   0.000000 )  
               a(3) = (   0.000000   0.000000   0.759628 )  

     reciprocal axes: (cart. coord. in units 2 pi/a_0)
               b(1) = (  1.000000  0.000000  0.000000 )  
               b(2) = (  0.000000  1.077968  0.000000 )  
               b(3) = (  0.000000  0.000000  1.316434 )  


     PseudoPot. # 1 for O  read from file O.pbe-van_bm.UPF
     MD5 check sum: ca2828d9fb1f294809e918903b7648d1
     Pseudo is Ultrasoft, Zval =  6.0
     Generated by new atomic code, or converted to UPF format
     Using radial grid of  737 points,  4 beta functions with: 
                l(1) =   0
                l(2) =   0
                l(3) =   1
                l(4) =   1
     Q(r) pseudized with  8 coefficients,  rinner =    0.800   0.800   0.800


     PseudoPot. # 2 for V  read from file V.pbe-van-yufengl.UPF
     MD5 check sum: 105a573f738f0b837c178d5a4207921b
     Pseudo is Ultrasoft + core correction, Zval = 13.0
     Generated by new atomic code, or converted to UPF format
     Using radial grid of  853 points,  6 beta functions with: 
                l(1) =   0
                l(2) =   0
                l(3) =   1
                l(4) =   1
                l(5) =   2
                l(6) =   2
     Q(r) pseudized with  6 coefficients,  rinner =    1.000   1.000   1.000
                                                       1.000   1.000

     PseudoPot. # 3 for ox read from file O.pbe-van-dgp-1s1.UPF
     MD5 check sum: 2083901d62884ac3a15d661bda1575b3
     Pseudo is Ultrasoft, Zval =  7.0
     Generated by new atomic code, or converted to UPF format
     Using radial grid of  737 points,  4 beta functions with: 
                l(1) =   0
                l(2) =   0
                l(3) =   1
                l(4) =   1
     Q(r) pseudized with  8 coefficients,  rinner =    0.800   0.800   0.800


     atomic species   valence    mass     pseudopotential
        O              6.00    15.99900     O ( 1.00)
        V             13.00    50.94000     V ( 1.00)
        OX             7.00    15.99900     ox( 1.00)

     Starting magnetic structure 
     atomic species   magnetization
        O            0.000
        V            0.010
        OX           0.000

     LDA+U calculation, Hubbard_lmax = 2
     atomic species  L   Hubbard U  Hubbard alpha
        V            2    0.227846    0.000000

      2 Sym.Ops. (no inversion)


   Cartesian axes

     site n.     atom                  positions (a_0 units)
         1           V   tau(  1) = (   0.1483269   0.0000000   0.3388149  )
         2           V   tau(  2) = (   0.1483269   0.0000000   0.7186289  )
         3           V   tau(  3) = (   0.1483269   0.3092237   0.3388149  )
         4           V   tau(  4) = (   0.1483269   0.3092237   0.7186289  )
         5           V   tau(  5) = (   0.1483269   0.6184474   0.3388149  )
         6           V   tau(  6) = (   0.1483269   0.6184474   0.7186289  )
         7           V   tau(  7) = (   0.3516731   0.1546118   0.0409986  )
         8           V   tau(  8) = (   0.3516731   0.1546118   0.4208125  )
         9           V   tau(  9) = (   0.3516731   0.4638355   0.0409986  )
        10           V   tau( 10) = (   0.3516731   0.4638355   0.4208125  )
        11           V   tau( 11) = (   0.3516731   0.7730592   0.0409986  )
        12           V   tau( 12) = (   0.3516731   0.7730592   0.4208125  )
        13           V   tau( 13) = (   0.6483270   0.1546118   0.0409980  )
        14           V   tau( 14) = (   0.6483270   0.1546118   0.4208119  )
        15           V   tau( 15) = (   0.6483270   0.4638355   0.0409980  )
        16           V   tau( 16) = (   0.6483270   0.4638355   0.4208119  )
        17           V   tau( 17) = (   0.6483270   0.7730592   0.0409980  )
        18           V   tau( 18) = (   0.6483270   0.7730592   0.4208119  )
        19           V   tau( 19) = (   0.8516731   0.0000000   0.3388154  )
        20           V   tau( 20) = (   0.8516731   0.0000000   0.7186293  )
        21           V   tau( 21) = (   0.8516731   0.3092237   0.3388154  )
        22           V   tau( 22) = (   0.8516731   0.3092237   0.7186293  )
        23           V   tau( 23) = (   0.8516731   0.6184474   0.3388154  )
        24           V   tau( 24) = (   0.8516731   0.6184474   0.7186293  )
        25           O   tau( 25) = (   0.1813361   0.1546118   0.3796345  )
        26           O   tau( 26) = (   0.1813361   0.1546118   0.7594484  )
        27           O   tau( 27) = (   0.1813361   0.4638355   0.3796345  )
        28           O   tau( 28) = (   0.1813361   0.4638355   0.7594484  )
        29           O   tau( 29) = (   0.1813361   0.7730592   0.3796345  )
        30           O   tau( 30) = (   0.1813361   0.7730592   0.7594484  )
        31           O   tau( 31) = (   0.3186639   0.0000000   0.0001795  )
        32           O   tau( 32) = (   0.3186639   0.0000000   0.3799935  )
        33           O   tau( 33) = (   0.3186639   0.3092237   0.0001795  )
        34           O   tau( 34) = (   0.3186639   0.3092237   0.3799935  )
        35           O   tau( 35) = (   0.3186639   0.6184474   0.0001795  )
        36           O   tau( 36) = (   0.3186639   0.6184474   0.3799935  )
        37           O   tau( 37) = (   0.6813362   0.0000000   0.0001795  )
        38           O   tau( 38) = (   0.6813362   0.0000000   0.3799935  )
        39           O   tau( 39) = (   0.6813362   0.3092237   0.0001795  )
        40           O   tau( 40) = (   0.6813362   0.3092237   0.3799935  )
        41           O   tau( 41) = (   0.6813362   0.6184474   0.0001795  )
        42           O   tau( 42) = (   0.6813362   0.6184474   0.3799935  )
        43           O   tau( 43) = (   0.8186639   0.1546118   0.3796345  )
        44           O   tau( 44) = (   0.8186639   0.1546118   0.7594485  )
        45           O   tau( 45) = (   0.8186639   0.4638355   0.3796345  )
        46           O   tau( 46) = (   0.8186639   0.4638355   0.7594485  )
        47           O   tau( 47) = (   0.8186639   0.7730592   0.3796345  )
        48           O   tau( 48) = (   0.8186639   0.7730592   0.7594485  )
        49           OX  tau( 49) = (   0.8552736   0.0000000   0.2004983  )
        50           O   tau( 50) = (   0.8552736   0.0000000   0.5803123  )
        51           O   tau( 51) = (   0.8552736   0.3092237   0.2004983  )
        52           O   tau( 52) = (   0.8552736   0.3092237   0.5803123  )
        53           O   tau( 53) = (   0.8552736   0.6184474   0.2004983  )
        54           O   tau( 54) = (   0.8552736   0.6184474   0.5803123  )
        55           O   tau( 55) = (   0.6447264   0.1546118   0.1793162  )
        56           O   tau( 56) = (   0.6447264   0.1546118   0.5591301  )
        57           O   tau( 57) = (   0.6447264   0.4638355   0.1793162  )
        58           O   tau( 58) = (   0.6447264   0.4638355   0.5591301  )
        59           O   tau( 59) = (   0.6447264   0.7730592   0.1793162  )
        60           O   tau( 60) = (   0.6447264   0.7730592   0.5591301  )
        61           O   tau( 61) = (   0.3552736   0.1546118   0.1793157  )
        62           O   tau( 62) = (   0.3552736   0.1546118   0.5591297  )
        63           O   tau( 63) = (   0.3552736   0.4638355   0.1793157  )
        64           O   tau( 64) = (   0.3552736   0.4638355   0.5591297  )
        65           O   tau( 65) = (   0.3552736   0.7730592   0.1793157  )
        66           O   tau( 66) = (   0.3552736   0.7730592   0.5591297  )
        67           O   tau( 67) = (   0.5000000   0.1546118   0.3788864  )
        68           O   tau( 68) = (   0.5000000   0.1546118   0.7587004  )
        69           O   tau( 69) = (   0.5000000   0.4638355   0.3788864  )
        70           O   tau( 70) = (   0.5000000   0.4638355   0.7587004  )
        71           O   tau( 71) = (   0.5000000   0.7730592   0.3788864  )
        72           O   tau( 72) = (   0.5000000   0.7730592   0.7587004  )
        73           O   tau( 73) = (  -0.0000000   0.0000000   0.0009276  )
        74           O   tau( 74) = (  -0.0000000   0.0000000   0.3807415  )
        75           O   tau( 75) = (  -0.0000000   0.3092237   0.0009276  )
        76           O   tau( 76) = (  -0.0000000   0.3092237   0.3807415  )
        77           O   tau( 77) = (  -0.0000000   0.6184474   0.0009276  )
        78           O   tau( 78) = (  -0.0000000   0.6184474   0.3807415  )
        79           O   tau( 79) = (   0.1447264   0.0000000   0.2004987  )
        80           O   tau( 80) = (   0.1447264   0.0000000   0.5803126  )
        81           O   tau( 81) = (   0.1447264   0.3092237   0.2004987  )
        82           O   tau( 82) = (   0.1447264   0.3092237   0.5803126  )
        83           O   tau( 83) = (   0.1447264   0.6184474   0.2004987  )
        84           O   tau( 84) = (   0.1447264   0.6184474   0.5803126  )

     number of k points=     2  Fermi-Dirac smearing, width (Ry)=  0.0019
                       cart. coord. in units 2pi/a_0
        k(    1) = (   0.0000000   0.0000000   0.0000000), wk =   1.0000000
        k(    2) = (   0.0000000   0.0000000   0.0000000), wk =   1.0000000

     G cutoff = 3590.7196  ( 635163 G-vectors)     FFT grid: (120,120, 96)
     G cutoff = 1436.2879  ( 160693 G-vectors)  smooth grid: ( 75, 72, 60)

     Largest allocated arrays     est. size (Mb)     dimensions
        Kohn-Sham Wavefunctions         3.86 Mb     (    314, 806)
        Atomic wavefunctions            2.30 Mb     (    314, 480)
        NL pseudopotentials             4.37 Mb     (    314, 912)
        Each V/rho on FFT grid          0.88 Mb     (  28800,   2)
        Each G-vector array             0.08 Mb     (   9926)
        G-vector shells                 0.04 Mb     (   4971)
     Largest temporary arrays     est. size (Mb)     dimensions
        Auxiliary wavefunctions        15.45 Mb     (    314,3224)
        Each subspace H/S matrix      158.60 Mb     (   3224,3224)
        Each <psi_i|beta_j> matrix     11.22 Mb     (    912, 806)

     Check: negative/imaginary core charge=   -0.000004    0.000000

     The potential is recalculated from file :
     ./v2o5.O49-FCH.save/charge-density.dat


     negative rho (up, down):  0.119E-01 0.119E-01

     Parameters of the lda+U calculation:
     Number of iteration with fixed ns =  0
     Starting ns and Hubbard U :
 enter write_ns
U( 1) =  0.0000      U( 2) =  3.1000      U( 3) =  0.0000
alpha( 1) =  0.0000      alpha( 2) =  0.0000      alpha( 3) =  0.0000
atom    1   Tr[ns(na)]=   4.6355208
atom    1   spin  1
eigenvalues:  0.3079378 0.4793129 0.4811318 0.4983631 0.5509890
 eigenvectors
 1  -0.0000000 -0.0000000  0.0377237  0.0000000  0.9992882
 2   0.0162412 -0.9684177 -0.0000000  0.2488037  0.0000000
 3  -0.0000000  0.0000000 -0.9992882 -0.0000000  0.0377237
 4   0.0445189 -0.2478894 -0.0000000 -0.9677649  0.0000000
 5   0.9988765  0.0267941 -0.0000000  0.0390869  0.0000000
 occupations
 0.551  0.002 -0.000  0.002  0.000
 0.002  0.481 -0.000  0.005  0.000
-0.000 -0.000  0.481  0.000 -0.007
 0.002  0.005  0.000  0.497 -0.000
 0.000  0.000 -0.007 -0.000  0.308
atom    1   spin  2
eigenvalues:  0.3079482 0.4793290 0.4811463 0.4983680 0.5509948
 eigenvectors
 1  -0.0000000 -0.0000000  0.0377108  0.0000000  0.9992887
 2   0.0162590 -0.9683964 -0.0000000  0.2488857  0.0000000
 3  -0.0000000  0.0000000 -0.9992887 -0.0000000  0.0377108
 4   0.0445175 -0.2479706 -0.0000000 -0.9677442  0.0000000
 5   0.9988763  0.0268144 -0.0000000  0.0390789  0.0000000
 occupations
 0.551  0.002 -0.000  0.002  0.000
 0.002  0.481 -0.000  0.005  0.000
-0.000 -0.000  0.481  0.000 -0.007
 0.002  0.005  0.000  0.497 -0.000
 0.000  0.000 -0.007 -0.000  0.308
atom    2   Tr[ns(na)]=   4.6398388
atom    2   spin  1
eigenvalues:  0.3160288 0.4753228 0.4771630 0.5018991 0.5495068
 eigenvectors
 1  -0.0000000 -0.0000000  0.0250167  0.0000000  0.9996870
 2   0.0000000 -0.0000000 -0.9996870  0.0000000  0.0250167
 3   0.0260911 -0.9344591  0.0000000  0.3551133 -0.0000000
 4  -0.0636883 -0.3560664 -0.0000000 -0.9322878  0.0000000
 5   0.9976287  0.0017079 -0.0000000 -0.0688043  0.0000000
 occupations
 0.549  0.001 -0.000 -0.003  0.000
 0.001  0.480 -0.000  0.008  0.000
-0.000 -0.000  0.475  0.000 -0.004
-0.003  0.008  0.000  0.499 -0.000
 0.000  0.000 -0.004 -0.000  0.316
atom    2   spin  2
eigenvalues:  0.3160282 0.4753223 0.4771623 0.5018989 0.5495066
 eigenvectors
 1  -0.0000000 -0.0000000  0.0250175  0.0000000  0.9996870
 2   0.0000000 -0.0000000 -0.9996870  0.0000000  0.0250175
 3   0.0260903 -0.9344595  0.0000000  0.3551122 -0.0000000
 4  -0.0636884 -0.3560653 -0.0000000 -0.9322882  0.0000000
 5   0.9976287  0.0017072 -0.0000000 -0.0688041  0.0000000
 occupations
 0.549  0.001 -0.000 -0.003  0.000
 0.001  0.480 -0.000  0.008  0.000
-0.000 -0.000  0.475  0.000 -0.004
-0.003  0.008  0.000  0.499 -0.000
 0.000  0.000 -0.004 -0.000  0.316
atom    3   Tr[ns(na)]=   4.6374698
atom    3   spin  1
eigenvalues:  0.3105977 0.4756987 0.4795027 0.5010145 0.5519183
 eigenvectors
 1   0.0047556 -0.0013483  0.0300521  0.0056633  0.9995201
 2   0.0072770 -0.0622715 -0.9952643  0.0682111  0.0294190
 3  -0.0474073  0.9096527 -0.0847510 -0.4038096  0.0062888
 4   0.0701416  0.4104044  0.0369163  0.9084322 -0.0060373
 5   0.9963720  0.0148512  0.0004942 -0.0836893 -0.0042613
 occupations
 0.551  0.002  0.000 -0.005 -0.001
 0.002  0.483  0.000  0.008  0.000
 0.000  0.000  0.476  0.001 -0.005
-0.005  0.008  0.001  0.498 -0.001
-0.001  0.000 -0.005 -0.001  0.311
atom    3   spin  2
eigenvalues:  0.3105984 0.4757009 0.4795045 0.5010150 0.5519190
 eigenvectors
 1   0.0047552 -0.0013485  0.0300502  0.0056625  0.9995201
 2   0.0072789 -0.0622779 -0.9952635  0.0682184  0.0294171
 3  -0.0474107  0.9096453 -0.0847605 -0.4038240  0.0062888
 4   0.0701397  0.4104199  0.0369190  0.9084253 -0.0060364
 5   0.9963719  0.0148538  0.0004953 -0.0836894 -0.0042609
 occupations
 0.551  0.002  0.000 -0.005 -0.001
 0.002  0.483  0.000  0.008  0.000
 0.000  0.000  0.476  0.001 -0.005
-0.005  0.008  0.001  0.498 -0.001
-0.001  0.000 -0.005 -0.001  0.311
atom    4   Tr[ns(na)]=   4.6399950
atom    4   spin  1
eigenvalues:  0.3151459 0.4744983 0.4779797 0.5016584 0.5507146
 eigenvectors
 1   0.0016638 -0.0000525  0.0246778  0.0024586  0.9996910
 2   0.0001093 -0.0121010 -0.9994784  0.0170264  0.0246299
 3  -0.0461291  0.9179567 -0.0177861 -0.3935847  0.0015320
 4   0.0779026  0.3963287  0.0107281  0.9147310 -0.0026234
 5   0.9958918  0.0115182 -0.0015946 -0.0897905 -0.0013967
 occupations
 0.550  0.002 -0.000 -0.005 -0.000
 0.002  0.482  0.000  0.009 -0.000
-0.000  0.000  0.474  0.000 -0.004
-0.005  0.009  0.000  0.498 -0.000
-0.000 -0.000 -0.004 -0.000  0.315
atom    4   spin  2
eigenvalues:  0.3151460 0.4744986 0.4779802 0.5016585 0.5507148
 eigenvectors
 1   0.0016637 -0.0000525  0.0246775  0.0024584  0.9996911
 2   0.0001097 -0.0120991 -0.9994784  0.0170257  0.0246296
 3  -0.0461304  0.9179534 -0.0177842 -0.3935923  0.0015319
 4   0.0779031  0.3963363  0.0107281  0.9147276 -0.0026231
 5   0.9958917  0.0115184 -0.0015942 -0.0897916 -0.0013966
 occupations
 0.550  0.002 -0.000 -0.005 -0.000
 0.002  0.482  0.000  0.009 -0.000
-0.000  0.000  0.474  0.000 -0.004
-0.005  0.009  0.000  0.498 -0.000
-0.000 -0.000 -0.004 -0.000  0.315
atom    5   Tr[ns(na)]=   4.6374698
atom    5   spin  1
eigenvalues:  0.3105977 0.4756987 0.4795027 0.5010145 0.5519183
 eigenvectors
 1  -0.0047556  0.0013483  0.0300521 -0.0056633  0.9995201
 2   0.0072770 -0.0622715  0.9952643  0.0682111 -0.0294190
 3   0.0474073 -0.9096527 -0.0847510  0.4038096  0.0062888
 4   0.0701416  0.4104044 -0.0369163  0.9084322  0.0060373
 5   0.9963720  0.0148512 -0.0004942 -0.0836893  0.0042613
 occupations
 0.551  0.002 -0.000 -0.005  0.001
 0.002  0.483 -0.000  0.008 -0.000
-0.000 -0.000  0.476 -0.001 -0.005
-0.005  0.008 -0.001  0.498  0.001
 0.001 -0.000 -0.005  0.001  0.311
atom    5   spin  2
eigenvalues:  0.3105984 0.4757009 0.4795045 0.5010150 0.5519190
 eigenvectors
 1  -0.0047552  0.0013485  0.0300502 -0.0056625  0.9995201
 2   0.0072789 -0.0622779  0.9952635  0.0682184 -0.0294171
 3   0.0474107 -0.9096453 -0.0847605  0.4038240  0.0062888
 4   0.0701397  0.4104199 -0.0369190  0.9084253  0.0060364
 5   0.9963719  0.0148538 -0.0004953 -0.0836894  0.0042609
 occupations
 0.551  0.002 -0.000 -0.005  0.001
 0.002  0.483 -0.000  0.008 -0.000
-0.000 -0.000  0.476 -0.001 -0.005
-0.005  0.008 -0.001  0.498  0.001
 0.001 -0.000 -0.005  0.001  0.311
atom    6   Tr[ns(na)]=   4.6399950
atom    6   spin  1
eigenvalues:  0.3151459 0.4744983 0.4779797 0.5016584 0.5507146
 eigenvectors
 1  -0.0016638  0.0000525  0.0246778 -0.0024586  0.9996910
 2   0.0001093 -0.0121010  0.9994784  0.0170264 -0.0246299
 3   0.0461291 -0.9179567 -0.0177861  0.3935847  0.0015320
 4   0.0779026  0.3963287 -0.0107281  0.9147310  0.0026234
 5   0.9958918  0.0115182  0.0015946 -0.0897905  0.0013967
 occupations
 0.550  0.002  0.000 -0.005  0.000
 0.002  0.482 -0.000  0.009  0.000
 0.000 -0.000  0.474 -0.000 -0.004
-0.005  0.009 -0.000  0.498  0.000
 0.000  0.000 -0.004  0.000  0.315
atom    6   spin  2
eigenvalues:  0.3151460 0.4744986 0.4779802 0.5016585 0.5507148
 eigenvectors
 1  -0.0016637  0.0000525  0.0246775 -0.0024584  0.9996911
 2   0.0001097 -0.0120991  0.9994784  0.0170257 -0.0246296
 3   0.0461304 -0.9179534 -0.0177842  0.3935923  0.0015319
 4   0.0779031  0.3963363 -0.0107281  0.9147276  0.0026231
 5   0.9958917  0.0115184  0.0015942 -0.0897916  0.0013966
 occupations
 0.550  0.002  0.000 -0.005  0.000
 0.002  0.482 -0.000  0.009  0.000
 0.000 -0.000  0.474 -0.000 -0.004
-0.005  0.009 -0.000  0.498  0.000
 0.000  0.000 -0.004  0.000  0.315
atom    7   Tr[ns(na)]=   4.6401703
atom    7   spin  1
eigenvalues:  0.3160315 0.4747269 0.4770146 0.5016835 0.5506281
 eigenvectors
 1  -0.0009435 -0.0005628  0.0244514 -0.0014038  0.9996994
 2  -0.0013936  0.0231417  0.9994308  0.0019387 -0.0244304
 3   0.0439625 -0.9182617  0.0205508  0.3929888 -0.0004262
 4  -0.0716546 -0.3951106  0.0107803 -0.9157694 -0.0018397
 5  -0.9964588 -0.0121323 -0.0012895  0.0831891 -0.0007989
 occupations
 0.550  0.002  0.000 -0.004  0.000
 0.002  0.481 -0.000  0.009  0.000
 0.000 -0.000  0.475 -0.000 -0.004
-0.004  0.009 -0.000  0.498  0.000
 0.000  0.000 -0.004  0.000  0.316
atom    7   spin  2
eigenvalues:  0.3160316 0.4747272 0.4770150 0.5016836 0.5506283
 eigenvectors
 1  -0.0009436 -0.0005628  0.0244511 -0.0014041  0.9996994
 2  -0.0013926  0.0231269  0.9994311  0.0019468 -0.0244301
 3   0.0439629 -0.9182591  0.0205339  0.3929958 -0.0004257
 4  -0.0716541 -0.3951176  0.0107820 -0.9157664 -0.0018400
 5  -0.9964588 -0.0121321 -0.0012893  0.0831889 -0.0007990
 occupations
 0.550  0.002  0.000 -0.004  0.000
 0.002  0.481 -0.000  0.009  0.000
 0.000 -0.000  0.475 -0.000 -0.004
-0.004  0.009 -0.000  0.498  0.000
 0.000  0.000 -0.004  0.000  0.316
atom    8   Tr[ns(na)]=   4.6369847
atom    8   spin  1
eigenvalues:  0.3126683 0.4765845 0.4770642 0.5004014 0.5517694
 eigenvectors
 1  -0.0028475 -0.0008548  0.0305723 -0.0005605  0.9995280
 2  -0.0315987  0.6285125 -0.7001094 -0.3366760  0.0216727
 3  -0.0282144  0.6359415  0.7127690 -0.2937351 -0.0215025
 4   0.0617031  0.4477115 -0.0295385  0.8915552  0.0019621
 5   0.9971911  0.0102039 -0.0001028 -0.0741477  0.0028112
 occupations
 0.551  0.001 -0.000 -0.004  0.001
 0.001  0.482 -0.000  0.009  0.000
-0.000 -0.000  0.477 -0.001 -0.005
-0.004  0.009 -0.001  0.496  0.000
 0.001  0.000 -0.005  0.000  0.313
atom    8   spin  2
eigenvalues:  0.3126701 0.4765870 0.4770670 0.5004023 0.5517705
 eigenvectors
 1  -0.0028471 -0.0008545  0.0305693 -0.0005601  0.9995281
 2  -0.0315808  0.6280318 -0.7006385 -0.3364729  0.0216865
 3  -0.0282421  0.6364002  0.7122490 -0.2940014 -0.0214844
 4   0.0617029  0.4477341 -0.0295376  0.8915440  0.0019615
 5   0.9971909  0.0102068 -0.0001020 -0.0741500  0.0028108
 occupations
 0.551  0.001 -0.000 -0.004  0.001
 0.001  0.482 -0.000  0.009  0.000
-0.000 -0.000  0.477 -0.001 -0.005
-0.004  0.009 -0.001  0.496  0.000
 0.001  0.000 -0.005  0.000  0.313
atom    9   Tr[ns(na)]=   4.6401421
atom    9   spin  1
eigenvalues:  0.3155541 0.4744498 0.4776592 0.5014861 0.5509152
 eigenvectors
 1  -0.0000000 -0.0000000  0.0243580  0.0000000  0.9997033
 2   0.0000000 -0.0000000 -0.9997033  0.0000000  0.0243580
 3   0.0487862 -0.9117147  0.0000000  0.4079170 -0.0000000
 4   0.0791218  0.4106475  0.0000000  0.9083547 -0.0000000
 5  -0.9956705 -0.0120400  0.0000000  0.0921704 -0.0000000
 occupations
 0.550  0.002 -0.000 -0.005  0.000
 0.002  0.482 -0.000  0.009  0.000
-0.000 -0.000  0.474  0.000 -0.004
-0.005  0.009  0.000  0.498 -0.000
 0.000  0.000 -0.004 -0.000  0.316
atom    9   spin  2
eigenvalues:  0.3155562 0.4744548 0.4776627 0.5014874 0.5509166
 eigenvectors
 1  -0.0000000 -0.0000000  0.0243561  0.0000000  0.9997033
 2   0.0000000 -0.0000000 -0.9997033  0.0000000  0.0243561
 3   0.0487873 -0.9116990  0.0000000  0.4079518 -0.0000000
 4   0.0791170  0.4106822  0.0000000  0.9083395 -0.0000000
 5  -0.9956708 -0.0120395  0.0000000  0.0921670 -0.0000000
 occupations
 0.550  0.002 -0.000 -0.005  0.000
 0.002  0.482 -0.000  0.009  0.000
-0.000 -0.000  0.474  0.000 -0.004
-0.005  0.009  0.000  0.498 -0.000
 0.000  0.000 -0.004 -0.000  0.316
atom   10   Tr[ns(na)]=   4.6386387
atom   10   spin  1
eigenvalues:  0.3135228 0.4753502 0.4780880 0.5006570 0.5516918
 eigenvectors
 1  -0.0000000 -0.0000000  0.0274849  0.0000000  0.9996222
 2   0.0000000 -0.0000000 -0.9996222  0.0000000  0.0274849
 3   0.0499426 -0.8948372  0.0000000  0.4435900 -0.0000000
 4   0.0771242  0.4462734  0.0000000  0.8915671 -0.0000000
 5  -0.9957699 -0.0103157  0.0000000  0.0913017 -0.0000000
 occupations
 0.551  0.002 -0.000 -0.005  0.000
 0.002  0.483 -0.000  0.009  0.000
-0.000 -0.000  0.475  0.000 -0.004
-0.005  0.009  0.000  0.497 -0.000
 0.000  0.000 -0.004 -0.000  0.314
atom   10   spin  2
eigenvalues:  0.3135257 0.4753572 0.4780931 0.5006590 0.5516939
 eigenvectors
 1  -0.0000000 -0.0000000  0.0274812  0.0000000  0.9996223
 2   0.0000000 -0.0000000 -0.9996223  0.0000000  0.0274812
 3   0.0499465 -0.8948083  0.0000000  0.4436478 -0.0000000
 4   0.0771184  0.4463313  0.0000000  0.8915386 -0.0000000
 5  -0.9957701 -0.0103158  0.0000000  0.0912989 -0.0000000
 occupations
 0.551  0.002 -0.000 -0.005  0.000
 0.002  0.483 -0.000  0.009  0.000
-0.000 -0.000  0.475  0.000 -0.004
-0.005  0.009  0.000  0.497 -0.000
 0.000  0.000 -0.004 -0.000  0.314
atom   11   Tr[ns(na)]=   4.6401703
atom   11   spin  1
eigenvalues:  0.3160315 0.4747269 0.4770146 0.5016835 0.5506281
 eigenvectors
 1   0.0009435  0.0005628  0.0244514  0.0014038  0.9996994
 2  -0.0013936  0.0231417 -0.9994308  0.0019387  0.0244304
 3  -0.0439625  0.9182617  0.0205508 -0.3929888 -0.0004262
 4  -0.0716546 -0.3951106 -0.0107803 -0.9157694  0.0018397
 5  -0.9964588 -0.0121323  0.0012895  0.0831891  0.0007989
 occupations
 0.550  0.002 -0.000 -0.004 -0.000
 0.002  0.481  0.000  0.009 -0.000
-0.000  0.000  0.475  0.000 -0.004
-0.004  0.009  0.000  0.498 -0.000
-0.000 -0.000 -0.004 -0.000  0.316
atom   11   spin  2
eigenvalues:  0.3160316 0.4747272 0.4770150 0.5016836 0.5506283
 eigenvectors
 1   0.0009436  0.0005628  0.0244511  0.0014041  0.9996994
 2  -0.0013926  0.0231269 -0.9994311  0.0019468  0.0244301
 3  -0.0439629  0.9182591  0.0205339 -0.3929958 -0.0004257
 4  -0.0716541 -0.3951176 -0.0107820 -0.9157664  0.0018400
 5  -0.9964588 -0.0121321  0.0012893  0.0831889  0.0007990
 occupations
 0.550  0.002 -0.000 -0.004 -0.000
 0.002  0.481  0.000  0.009 -0.000
-0.000  0.000  0.475  0.000 -0.004
-0.004  0.009  0.000  0.498 -0.000
-0.000 -0.000 -0.004 -0.000  0.316
atom   12   Tr[ns(na)]=   4.6369847
atom   12   spin  1
eigenvalues:  0.3126683 0.4765845 0.4770642 0.5004014 0.5517694
 eigenvectors
 1   0.0028475  0.0008548  0.0305723  0.0005605  0.9995280
 2   0.0315987 -0.6285125 -0.7001094  0.3366760  0.0216727
 3  -0.0282144  0.6359415 -0.7127690 -0.2937351  0.0215025
 4   0.0617031  0.4477115  0.0295385  0.8915552 -0.0019621
 5   0.9971911  0.0102039  0.0001028 -0.0741477 -0.0028112
 occupations
 0.551  0.001  0.000 -0.004 -0.001
 0.001  0.482  0.000  0.009 -0.000
 0.000  0.000  0.477  0.001 -0.005
-0.004  0.009  0.001  0.496 -0.000
-0.001 -0.000 -0.005 -0.000  0.313
atom   12   spin  2
eigenvalues:  0.3126701 0.4765870 0.4770670 0.5004023 0.5517705
 eigenvectors
 1   0.0028471  0.0008545  0.0305693  0.0005601  0.9995281
 2   0.0315808 -0.6280318 -0.7006385  0.3364729  0.0216865
 3  -0.0282421  0.6364002 -0.7122490 -0.2940014  0.0214844
 4   0.0617029  0.4477341  0.0295376  0.8915440 -0.0019615
 5   0.9971909  0.0102068  0.0001020 -0.0741500 -0.0028108
 occupations
 0.551  0.001  0.000 -0.004 -0.001
 0.001  0.482  0.000  0.009 -0.000
 0.000  0.000  0.477  0.001 -0.005
-0.004  0.009  0.001  0.496 -0.000
-0.001 -0.000 -0.005 -0.000  0.313
atom   13   Tr[ns(na)]=   4.6437263
atom   13   spin  1
eigenvalues:  0.3207171 0.4721683 0.4755279 0.5031290 0.5503232
 eigenvectors
 1   0.0011287 -0.0029297 -0.0163324  0.0043025  0.9998524
 2  -0.0127444 -0.1838702  0.9816290 -0.0467648  0.0157116
 3   0.0529341  0.9066730  0.1882574  0.3737440  0.0040638
 4   0.0878225 -0.3792547 -0.0259453  0.9207327 -0.0055962
 5  -0.9946464  0.0171185 -0.0048681  0.1017906  0.0006554
 occupations
 0.550 -0.002  0.000 -0.005 -0.000
-0.002  0.479  0.001 -0.010  0.001
 0.000  0.001  0.472 -0.001  0.002
-0.005 -0.010 -0.001  0.500 -0.001
-0.000  0.001  0.002 -0.001  0.321
atom   13   spin  2
eigenvalues:  0.3207161 0.4721670 0.4755265 0.5031285 0.5503228
 eigenvectors
 1   0.0011288 -0.0029296 -0.0163338  0.0043023  0.9998524
 2  -0.0127447 -0.1838804  0.9816269 -0.0467682  0.0157129
 3   0.0529324  0.9066742  0.1882684  0.3737361  0.0040643
 4   0.0878222 -0.3792471 -0.0259444  0.9207358 -0.0055961
 5  -0.9946465  0.0171180 -0.0048681  0.1017896  0.0006555
 occupations
 0.550 -0.002  0.000 -0.005 -0.000
-0.002  0.479  0.001 -0.010  0.001
 0.000  0.001  0.472 -0.001  0.002
-0.005 -0.010 -0.001  0.500 -0.001
-0.000  0.001  0.002 -0.001  0.321
atom   14   Tr[ns(na)]=   4.6428967
atom   14   spin  1
eigenvalues:  0.3195816 0.4740217 0.4758753 0.4999133 0.5520415
 eigenvectors
 1   0.0086102  0.0015244 -0.0270368  0.0145451  0.9994904
 2  -0.0523709 -0.6815166 -0.5204413 -0.5117683 -0.0051402
 3  -0.0261353 -0.4682090  0.8499843 -0.2384807  0.0274023
 4  -0.0775665  0.5624005  0.0770397 -0.8194895  0.0138200
 5  -0.9952304  0.0043388 -0.0011727  0.0971883  0.0071209
 occupations
 0.551 -0.001 -0.000 -0.006 -0.002
-0.001  0.483  0.000 -0.012 -0.000
-0.000  0.000  0.475 -0.002  0.004
-0.006 -0.012 -0.002  0.492 -0.002
-0.002 -0.000  0.004 -0.002  0.320
atom   14   spin  2
eigenvalues:  0.3195867 0.4740300 0.4758849 0.4999170 0.5520447
 eigenvectors
 1   0.0086093  0.0015254 -0.0270305  0.0145457  0.9994905
 2  -0.0523893 -0.6815779 -0.5202179 -0.5119121 -0.0051275
 3  -0.0261275 -0.4680097  0.8501201 -0.2383892  0.0273995
 4  -0.0775552  0.5624921  0.0770531 -0.8194265  0.0138186
 5  -0.9952305  0.0043450 -0.0011718  0.0971868  0.0071199
 occupations
 0.551 -0.001 -0.000 -0.006 -0.002
-0.001  0.483  0.000 -0.012 -0.000
-0.000  0.000  0.475 -0.002  0.004
-0.006 -0.012 -0.002  0.492 -0.002
-0.002 -0.000  0.004 -0.002  0.320
atom   15   Tr[ns(na)]=   4.6414155
atom   15   spin  1
eigenvalues:  0.3172096 0.4734917 0.4775641 0.5015993 0.5508422
 eigenvectors
 1  -0.0000000 -0.0000000 -0.0211723  0.0000000  0.9997758
 2   0.0000000  0.0000000  0.9997758 -0.0000000  0.0211723
 3   0.0552663  0.9074849 -0.0000000  0.4164334 -0.0000000
 4  -0.0892382  0.4198911 -0.0000000 -0.9031766  0.0000000
 5  -0.9944758  0.0127534  0.0000000  0.1041881 -0.0000000
 occupations
 0.550 -0.002 -0.000 -0.006  0.000
-0.002  0.482 -0.000 -0.009  0.000
-0.000 -0.000  0.473  0.000  0.003
-0.006 -0.009  0.000  0.498 -0.000
 0.000  0.000  0.003 -0.000  0.317
atom   15   spin  2
eigenvalues:  0.3172098 0.4734925 0.4775644 0.5015996 0.5508423
 eigenvectors
 1  -0.0000000 -0.0000000 -0.0211720  0.0000000  0.9997758
 2   0.0000000  0.0000000  0.9997758 -0.0000000  0.0211720
 3   0.0552631  0.9074824 -0.0000000  0.4164393 -0.0000000
 4  -0.0892371  0.4198965 -0.0000000 -0.9031742  0.0000000
 5  -0.9944761  0.0127504  0.0000000  0.1041858 -0.0000000
 occupations
 0.550 -0.002 -0.000 -0.006  0.000
-0.002  0.482 -0.000 -0.009  0.000
-0.000 -0.000  0.473  0.000  0.003
-0.006 -0.009  0.000  0.498 -0.000
 0.000  0.000  0.003 -0.000  0.317
atom   16   Tr[ns(na)]=   4.6411031
atom   16   spin  1
eigenvalues:  0.3164949 0.4740704 0.4782438 0.4999085 0.5518292
 eigenvectors
 1  -0.0000000 -0.0000000 -0.0222985  0.0000000  0.9997514
 2   0.0000000  0.0000000  0.9997514  0.0000000  0.0222985
 3   0.0637551  0.8632541 -0.0000000  0.5007271 -0.0000000
 4  -0.0958285  0.5047250 -0.0000000 -0.8579450  0.0000000
 5  -0.9933540  0.0067145  0.0000000  0.1149032 -0.0000000
 occupations
 0.551 -0.002 -0.000 -0.007  0.000
-0.002  0.484 -0.000 -0.009  0.000
-0.000 -0.000  0.474  0.000  0.004
-0.007 -0.009  0.000  0.495 -0.000
 0.000  0.000  0.004 -0.000  0.317
atom   16   spin  2
eigenvalues:  0.3164968 0.4740736 0.4782460 0.4999096 0.5518302
 eigenvectors
 1  -0.0000000 -0.0000000 -0.0222958  0.0000000  0.9997514
 2   0.0000000  0.0000000  0.9997514  0.0000000  0.0222958
 3   0.0637558  0.8632384 -0.0000000  0.5007542 -0.0000000
 4  -0.0958245  0.5047519 -0.0000000 -0.8579296  0.0000000
 5  -0.9933543  0.0067135  0.0000000  0.1149002 -0.0000000
 occupations
 0.551 -0.002 -0.000 -0.007  0.000
-0.002  0.484 -0.000 -0.009  0.000
-0.000 -0.000  0.474  0.000  0.004
-0.007 -0.009  0.000  0.495 -0.000
 0.000  0.000  0.004 -0.000  0.317
atom   17   Tr[ns(na)]=   4.6437263
atom   17   spin  1
eigenvalues:  0.3207171 0.4721683 0.4755279 0.5031290 0.5503232
 eigenvectors
 1  -0.0011287  0.0029297 -0.0163324 -0.0043025  0.9998524
 2  -0.0127444 -0.1838702 -0.9816290 -0.0467648 -0.0157116
 3  -0.0529341 -0.9066730  0.1882574 -0.3737440  0.0040638
 4   0.0878225 -0.3792547  0.0259453  0.9207327  0.0055962
 5  -0.9946464  0.0171185  0.0048681  0.1017906 -0.0006554
 occupations
 0.550 -0.002 -0.000 -0.005  0.000
-0.002  0.479 -0.001 -0.010 -0.001
-0.000 -0.001  0.472  0.001  0.002
-0.005 -0.010  0.001  0.500  0.001
 0.000 -0.001  0.002  0.001  0.321
atom   17   spin  2
eigenvalues:  0.3207161 0.4721670 0.4755265 0.5031285 0.5503228
 eigenvectors
 1  -0.0011288  0.0029296 -0.0163338 -0.0043023  0.9998524
 2  -0.0127447 -0.1838804 -0.9816269 -0.0467682 -0.0157129
 3  -0.0529324 -0.9066742  0.1882684 -0.3737361  0.0040643
 4   0.0878222 -0.3792471  0.0259444  0.9207358  0.0055961
 5  -0.9946465  0.0171180  0.0048681  0.1017896 -0.0006555
 occupations
 0.550 -0.002 -0.000 -0.005  0.000
-0.002  0.479 -0.001 -0.010 -0.001
-0.000 -0.001  0.472  0.001  0.002
-0.005 -0.010  0.001  0.500  0.001
 0.000 -0.001  0.002  0.001  0.321
atom   18   Tr[ns(na)]=   4.6428967
atom   18   spin  1
eigenvalues:  0.3195816 0.4740217 0.4758753 0.4999133 0.5520415
 eigenvectors
 1  -0.0086102 -0.0015244 -0.0270368 -0.0145451  0.9994904
 2   0.0523709  0.6815166 -0.5204413  0.5117683 -0.0051402
 3  -0.0261353 -0.4682090 -0.8499843 -0.2384807 -0.0274023
 4  -0.0775665  0.5624005 -0.0770397 -0.8194895 -0.0138200
 5  -0.9952304  0.0043388  0.0011727  0.0971883 -0.0071209
 occupations
 0.551 -0.001  0.000 -0.006  0.002
-0.001  0.483 -0.000 -0.012  0.000
 0.000 -0.000  0.475  0.002  0.004
-0.006 -0.012  0.002  0.492  0.002
 0.002  0.000  0.004  0.002  0.320
atom   18   spin  2
eigenvalues:  0.3195867 0.4740300 0.4758849 0.4999170 0.5520447
 eigenvectors
 1  -0.0086093 -0.0015254 -0.0270305 -0.0145457  0.9994905
 2   0.0523893  0.6815779 -0.5202179  0.5119121 -0.0051275
 3  -0.0261275 -0.4680097 -0.8501201 -0.2383892 -0.0273995
 4  -0.0775552  0.5624921 -0.0770531 -0.8194265 -0.0138186
 5  -0.9952305  0.0043450  0.0011718  0.0971868 -0.0071199
 occupations
 0.551 -0.001  0.000 -0.006  0.002
-0.001  0.483 -0.000 -0.012  0.000
 0.000 -0.000  0.475  0.002  0.004
-0.006 -0.012  0.002  0.492  0.002
 0.002  0.000  0.004  0.002  0.320
atom   19   Tr[ns(na)]=   4.4646941
atom   19   spin  1
eigenvalues:  0.3779573 0.4106232 0.4161970 0.4785108 0.5490013
 eigenvectors
 1   0.0000000 -0.0000000 -0.7514322 -0.0000000 -0.6598103
 2   0.0616808  0.9980660  0.0000000 -0.0077273 -0.0000000
 3  -0.0000000  0.0000000 -0.6598103  0.0000000  0.7514322
 4   0.9965507 -0.0611528 -0.0000000  0.0560981  0.0000000
 5   0.0555171 -0.0111608 -0.0000000 -0.9983954  0.0000000
 occupations
 0.478 -0.004 -0.000 -0.004  0.000
-0.004  0.411 -0.000  0.001  0.000
-0.000 -0.000  0.395  0.000 -0.019
-0.004  0.001  0.000  0.549 -0.000
 0.000  0.000 -0.019 -0.000  0.400
atom   19   spin  2
eigenvalues:  0.3779795 0.4106479 0.4162383 0.4785226 0.5490163
 eigenvectors
 1   0.0000000 -0.0000000 -0.7517579 -0.0000000 -0.6594392
 2   0.0617299  0.9980627  0.0000000 -0.0077622 -0.0000000
 3  -0.0000000  0.0000000 -0.6594392  0.0000000  0.7517579
 4   0.9965476 -0.0611999 -0.0000000  0.0561017  0.0000000
 5   0.0555180 -0.0111986 -0.0000000 -0.9983949  0.0000000
 occupations
 0.478 -0.004 -0.000 -0.004  0.000
-0.004  0.411 -0.000  0.001  0.000
-0.000 -0.000  0.395  0.000 -0.019
-0.004  0.001  0.000  0.549 -0.000
 0.000  0.000 -0.019 -0.000  0.400
atom   20   Tr[ns(na)]=   4.6460712
atom   20   spin  1
eigenvalues:  0.3210561 0.4738577 0.4776726 0.5035061 0.5469462
 eigenvectors
 1  -0.0000000 -0.0000000 -0.0176220  0.0000000  0.9998447
 2   0.0000000  0.0000000  0.9998447  0.0000000  0.0176220
 3  -0.0519366 -0.9383253  0.0000000 -0.3418306  0.0000000
 4  -0.0895169  0.3452889 -0.0000000 -0.9342175  0.0000000
 5   0.9946302 -0.0179204 -0.0000000 -0.1019291  0.0000000
 occupations
 0.546 -0.002 -0.000 -0.005  0.000
-0.002  0.481 -0.000 -0.008  0.000
-0.000 -0.000  0.474  0.000  0.003
-0.005 -0.008  0.000  0.501 -0.000
 0.000  0.000  0.003 -0.000  0.321
atom   20   spin  2
eigenvalues:  0.3210548 0.4738558 0.4776708 0.5035055 0.5469456
 eigenvectors
 1  -0.0000000 -0.0000000 -0.0176234  0.0000000  0.9998447
 2   0.0000000  0.0000000  0.9998447  0.0000000  0.0176234
 3  -0.0519356 -0.9383280  0.0000000 -0.3418235  0.0000000
 4  -0.0895179  0.3452817 -0.0000000 -0.9342200  0.0000000
 5   0.9946302 -0.0179200 -0.0000000 -0.1019296  0.0000000
 occupations
 0.546 -0.002 -0.000 -0.005  0.000
-0.002  0.481 -0.000 -0.008  0.000
-0.000 -0.000  0.474  0.000  0.003
-0.005 -0.008  0.000  0.501 -0.000
 0.000  0.000  0.003 -0.000  0.321
atom   21   Tr[ns(na)]=   4.6430683
atom   21   spin  1
eigenvalues:  0.3148363 0.4724690 0.4813562 0.5003084 0.5525496
 eigenvectors
 1  -0.0155526 -0.0031704 -0.0150635 -0.0379121  0.9990415
 2   0.0307508  0.1125746 -0.9759258  0.1841267 -0.0068917
 3   0.0759078  0.8607381  0.1893760  0.4657330  0.0244424
 4  -0.1186823  0.4963324 -0.1071038 -0.8525989 -0.0342423
 5  -0.9894266  0.0100481 -0.0027185  0.1443188 -0.0099353
 occupations
 0.551 -0.002  0.001 -0.008  0.003
-0.002  0.486 -0.000 -0.008  0.000
 0.001 -0.000  0.473  0.003  0.003
-0.008 -0.008  0.003  0.496  0.007
 0.003  0.000  0.003  0.007  0.315
atom   21   spin  2
eigenvalues:  0.3148396 0.4724808 0.4813642 0.5003116 0.5525526
 eigenvectors
 1  -0.0155521 -0.0031710 -0.0150579 -0.0379140  0.9990415
 2   0.0307690  0.1126917 -0.9758918  0.1842325 -0.0068806
 3   0.0759190  0.8606594  0.1895435  0.4658081  0.0244481
 4  -0.1186616  0.4964421 -0.1071179 -0.8525362 -0.0342401
 5  -0.9894277  0.0100548 -0.0027211  0.1443110 -0.0099349
 occupations
 0.551 -0.002  0.001 -0.008  0.003
-0.002  0.486 -0.000 -0.008  0.000
 0.001 -0.000  0.473  0.003  0.003
-0.008 -0.008  0.003  0.496  0.007
 0.003  0.000  0.003  0.007  0.315
atom   22   Tr[ns(na)]=   4.6414072
atom   22   spin  1
eigenvalues:  0.3171583 0.4730957 0.4781273 0.5019104 0.5504128
 eigenvectors
 1  -0.0033470 -0.0005869 -0.0207858 -0.0070709  0.9997532
 2  -0.0048697 -0.0075751 -0.9995973  0.0172174 -0.0206816
 3   0.0573527  0.9132209 -0.0003257  0.4033923  0.0035744
 4   0.0932604 -0.4071347  0.0181351  0.9083874  0.0068749
 5   0.9939709 -0.0145326 -0.0066500 -0.1084459  0.0024138
 occupations
 0.550 -0.002 -0.000 -0.006  0.001
-0.002  0.482 -0.000 -0.009  0.000
-0.000 -0.000  0.473  0.001  0.003
-0.006 -0.009  0.001  0.499  0.001
 0.001  0.000  0.003  0.001  0.317
atom   22   spin  2
eigenvalues:  0.3171579 0.4730951 0.4781268 0.5019104 0.5504126
 eigenvectors
 1  -0.0033468 -0.0005868 -0.0207866 -0.0070705  0.9997532
 2  -0.0048704 -0.0075878 -0.9995973  0.0172117 -0.0206823
 3   0.0573520  0.9132222 -0.0003397  0.4033895  0.0035738
 4   0.0932604 -0.4071316  0.0181350  0.9083888  0.0068746
 5   0.9939710 -0.0145324 -0.0066499 -0.1084455  0.0024137
 occupations
 0.550 -0.002 -0.000 -0.006  0.001
-0.002  0.482 -0.000 -0.009  0.000
-0.000 -0.000  0.473  0.001  0.003
-0.006 -0.009  0.001  0.499  0.001
 0.001  0.000  0.003  0.001  0.317
atom   23   Tr[ns(na)]=   4.6430683
atom   23   spin  1
eigenvalues:  0.3148363 0.4724690 0.4813562 0.5003084 0.5525496
 eigenvectors
 1   0.0155526  0.0031704 -0.0150635  0.0379121  0.9990415
 2   0.0307508  0.1125746  0.9759258  0.1841267  0.0068917
 3  -0.0759078 -0.8607381  0.1893760 -0.4657330  0.0244424
 4  -0.1186823  0.4963324  0.1071038 -0.8525989  0.0342423
 5  -0.9894266  0.0100481  0.0027185  0.1443188  0.0099353
 occupations
 0.551 -0.002 -0.001 -0.008 -0.003
-0.002  0.486  0.000 -0.008 -0.000
-0.001  0.000  0.473 -0.003  0.003
-0.008 -0.008 -0.003  0.496 -0.007
-0.003 -0.000  0.003 -0.007  0.315
atom   23   spin  2
eigenvalues:  0.3148396 0.4724808 0.4813642 0.5003116 0.5525526
 eigenvectors
 1   0.0155521  0.0031710 -0.0150579  0.0379140  0.9990415
 2   0.0307690  0.1126917  0.9758918  0.1842325  0.0068806
