
     Program SHIRLEY v.4.3      starts on 29Aug2018 at  3:15:51 

     This program is part of the open-source Quantum ESPRESSO suite
     for quantum simulation of materials; please cite
         "P. Giannozzi et al., J. Phys.:Condens. Matter 21 395502 (2009);
          URL http://www.quantum-espresso.org", 
     in publications or presentations arising from this work. More details at
     http://www.quantum-espresso.org/wiki/index.php/Citing_Quantum-ESPRESSO

     Parallel version (MPI), running on    64 processors
     R & G space division:  proc/pool =   64

     Ultrasoft (Vanderbilt) Pseudopotentials

     Current dimensions of program PWSCF are:
     Max number of different atomic species (ntypx) = **
     Max number of k-points (npk) =  40000
     Max angular momentum in pseudopotentials (lmaxx) =  3
         nkstot =           12
           lsda =  T
       noncolin =  F

   Info: using nr1, nr2, nr3 values from input

   Info: using nr1s, nr2s, nr3s values from input
         nspin =            2
          npol =            1
  current_spin =            0
 
   Stick Mesh
   ----------
   nst =  6657,  nstw =   749, nsts =  2669
               n.st   n.stw   n.sts    n.g    n.gw   n.gs
   min         104      11      41    6328     237    1583
   max         105      12      42    6332     242    1626
       6657     749    2669  405123   15331  102397
 
  setting U_projection_type to atomic

     The potential is recalculated from file :
     ./cro2.O25-FCH.save/charge-density.dat


     Parameters of the lda+U calculation:
     Number of iteration with fixed ns =  0
     Starting ns and Hubbard U :
 enter write_ns
U( 1) =  3.5000      U( 2) =  0.0000      U( 3) =  0.0000
alpha( 1) =  0.0000      alpha( 2) =  0.0000      alpha( 3) =  0.0000
atom    1   Tr[ns(na)]=   5.0455794
atom    1   spin  1
eigenvalues:  0.5346222 0.5530691 0.8578673 0.9153302 0.9881121
 eigenvectors
 1  -0.5320296 -0.0000000  0.0000000  0.0000000  0.8467258
 2   0.0000000 -0.7071068  0.7071068  0.0000000 -0.0000000
 3   0.0000000 -0.0000000 -0.0000000  1.0000000 -0.0000000
 4   0.0000000 -0.7071068 -0.7071068 -0.0000000 -0.0000000
 5   0.8467258 -0.0000000 -0.0000000  0.0000000  0.5320296
 occupations
 0.860 -0.000 -0.000  0.000  0.204
-0.000  0.734  0.181  0.000  0.000
-0.000  0.181  0.734  0.000  0.000
 0.000  0.000  0.000  0.858 -0.000
 0.204  0.000  0.000 -0.000  0.663
atom    1   spin  2
eigenvalues:  0.1285034 0.1434875 0.1544072 0.3689025 0.4012779
 eigenvectors
 1   0.8225018  0.0000000  0.0000000 -0.0000000  0.5687625
 2  -0.0000000  0.0000000  0.0000000 -1.0000000 -0.0000000
 3  -0.0000000 -0.7071068 -0.7071068 -0.0000000  0.0000000
 4  -0.5687625 -0.0000000  0.0000000 -0.0000000  0.8225018
 5   0.0000000 -0.7071068  0.7071068 -0.0000000 -0.0000000
 occupations
 0.206 -0.000 -0.000  0.000 -0.112
-0.000  0.278 -0.123  0.000  0.000
-0.000 -0.123  0.278 -0.000  0.000
 0.000  0.000 -0.000  0.143 -0.000
-0.112  0.000  0.000 -0.000  0.291
atom    2   Tr[ns(na)]=   5.0915559
atom    2   spin  1
eigenvalues:  0.5539669 0.5893881 0.7632020 0.9052961 0.9881269
 eigenvectors
 1   0.0000000  0.7071064 -0.7071064 -0.0010284 -0.0000000
 2  -0.5432015 -0.0005226 -0.0005226  0.0000000  0.8396020
 3   0.0000000  0.0007272 -0.0007272  0.9999995 -0.0000000
 4  -0.0011368 -0.7071054 -0.7071054 -0.0000000 -0.0016157
 5   0.8396016 -0.0012955 -0.0012955  0.0000000  0.5431996
 occupations
 0.870 -0.000 -0.000  0.000  0.182
-0.000  0.730  0.176  0.000  0.000
-0.000  0.176  0.730 -0.000  0.000
 0.000  0.000 -0.000  0.763 -0.000
 0.182  0.000  0.000 -0.000  0.707
atom    2   spin  2
eigenvalues:  0.1294775 0.1668010 0.1703874 0.4061355 0.4187745
 eigenvectors
 1   0.8305089 -0.0025682 -0.0025682 -0.0000000  0.5569934
 2  -0.0026593 -0.7071020 -0.7071020  0.0000000 -0.0025554
 3   0.0000000  0.0009480 -0.0009480 -0.9999991 -0.0000000
 4  -0.0000000 -0.7071061  0.7071061 -0.0013406  0.0000000
 5  -0.5569989 -0.0004533 -0.0004533 -0.0000000  0.8305130
 occupations
 0.219  0.000  0.000  0.000 -0.134
 0.000  0.286 -0.120  0.000 -0.000
 0.000 -0.120  0.286 -0.000 -0.000
 0.000  0.000 -0.000  0.170 -0.000
-0.134 -0.000 -0.000 -0.000  0.329
atom    3   Tr[ns(na)]=   5.0915559
atom    3   spin  1
eigenvalues:  0.5539669 0.5893881 0.7632020 0.9052961 0.9881269
 eigenvectors
 1   0.0000000  0.7071064 -0.7071064  0.0010284 -0.0000000
 2  -0.5432015  0.0005226  0.0005226  0.0000000  0.8396020
 3   0.0000000 -0.0007272  0.0007272  0.9999995 -0.0000000
 4   0.0011368 -0.7071054 -0.7071054 -0.0000000  0.0016157
 5   0.8396016  0.0012955  0.0012955  0.0000000  0.5431996
 occupations
 0.870  0.000  0.000  0.000  0.182
 0.000  0.730  0.176 -0.000 -0.000
 0.000  0.176  0.730  0.000 -0.000
 0.000 -0.000  0.000  0.763 -0.000
 0.182 -0.000 -0.000 -0.000  0.707
atom    3   spin  2
eigenvalues:  0.1294775 0.1668010 0.1703874 0.4061355 0.4187745
 eigenvectors
 1   0.8305089  0.0025682  0.0025682 -0.0000000  0.5569934
 2   0.0026593 -0.7071020 -0.7071020  0.0000000  0.0025554
 3   0.0000000 -0.0009480  0.0009480 -0.9999991 -0.0000000
 4  -0.0000000 -0.7071061  0.7071061  0.0013406  0.0000000
 5  -0.5569989  0.0004533  0.0004533 -0.0000000  0.8305130
 occupations
 0.219 -0.000 -0.000  0.000 -0.134
-0.000  0.286 -0.120 -0.000  0.000
-0.000 -0.120  0.286  0.000  0.000
 0.000 -0.000  0.000  0.170 -0.000
-0.134  0.000  0.000 -0.000  0.329
atom    4   Tr[ns(na)]=   5.0943223
atom    4   spin  1
eigenvalues:  0.5541163 0.5902692 0.7654383 0.9003601 0.9882299
 eigenvectors
 1  -0.0000000 -0.7051139  0.7090940  0.0000000  0.0000000
 2  -0.5417111 -0.0000000 -0.0000000  0.0042608  0.8405539
 3   0.0007857 -0.0000000 -0.0000000  0.9999893 -0.0045626
 4   0.0000000 -0.7090940 -0.7051139 -0.0000000 -0.0000000
 5   0.8405644 -0.0000000 -0.0000000  0.0018112  0.5417086
 occupations
 0.871 -0.000 -0.000  0.001  0.181
-0.000  0.728  0.173  0.000  0.000
-0.000  0.173  0.726  0.000  0.000
 0.001  0.000  0.000  0.765 -0.000
 0.181  0.000  0.000 -0.000  0.707
atom    4   spin  2
eigenvalues:  0.1299242 0.1676319 0.1715392 0.4070222 0.4197910
 eigenvectors
 1  -0.8309314 -0.0000000 -0.0000000  0.0048795 -0.5563534
 2   0.0000000  0.7075160  0.7066974 -0.0000000 -0.0000000
 3   0.0040309  0.0000000  0.0000000  0.9999881  0.0027501
 4  -0.0000000 -0.7066974  0.7075160 -0.0000000  0.0000000
 5  -0.5563602  0.0000000 -0.0000000 -0.0000425  0.8309412
 occupations
 0.220 -0.000 -0.000  0.000 -0.134
-0.000  0.287 -0.120  0.000  0.000
-0.000 -0.120  0.287 -0.000  0.000
 0.000  0.000 -0.000  0.172  0.000
-0.134  0.000  0.000  0.000  0.330
atom    5   Tr[ns(na)]=   5.0906367
atom    5   spin  1
eigenvalues:  0.5545471 0.5906810 0.7624039 0.9024408 0.9880627
 eigenvectors
 1   0.0100413  0.7075787 -0.7063941  0.0014903 -0.0153859
 2  -0.5424692  0.0133375 -0.0126421  0.0010834  0.8398739
 3  -0.0028195  0.0044202  0.0022902 -0.9999835 -0.0005669
 4  -0.0025405 -0.7064921 -0.7076997 -0.0047359 -0.0010680
 5   0.8400071 -0.0019669 -0.0018527 -0.0026890  0.5425620
 occupations
 0.871 -0.000  0.000 -0.000  0.181
-0.000  0.728  0.174  0.000  0.000
 0.000  0.174  0.729  0.001 -0.001
-0.000  0.000  0.001  0.762 -0.000
 0.181  0.000 -0.001 -0.000  0.708
atom    5   spin  2
eigenvalues:  0.1294002 0.1671150 0.1708751 0.4058817 0.4192292
 eigenvectors
 1  -0.8306954 -0.0001383 -0.0004616  0.0003258 -0.5567268
 2  -0.0002013 -0.7064657 -0.7038599 -0.0740706  0.0010161
 3   0.0006858 -0.0517001 -0.0530549  0.9972521 -0.0003828
 4  -0.0202590 -0.7053744  0.7079168  0.0011189  0.0298175
 5  -0.5563579  0.0260836 -0.0248994  0.0007288  0.8301596
 occupations
 0.219 -0.000  0.000 -0.000 -0.134
-0.000  0.286 -0.119 -0.000  0.000
 0.000 -0.119  0.287 -0.000 -0.000
-0.000 -0.000 -0.000  0.171  0.000
-0.134  0.000 -0.000  0.000  0.329
atom    6   Tr[ns(na)]=   5.0906367
atom    6   spin  1
eigenvalues:  0.5545471 0.5906810 0.7624039 0.9024408 0.9880627
 eigenvectors
 1  -0.0100413  0.7075787 -0.7063941 -0.0014903  0.0153859
 2  -0.5424692 -0.0133375  0.0126421  0.0010834  0.8398739
 3  -0.0028195 -0.0044202 -0.0022902 -0.9999835 -0.0005669
 4   0.0025405 -0.7064921 -0.7076997  0.0047359  0.0010680
 5   0.8400071  0.0019669  0.0018527 -0.0026890  0.5425620
 occupations
 0.871  0.000 -0.000 -0.000  0.181
 0.000  0.728  0.174 -0.000 -0.000
-0.000  0.174  0.729 -0.001  0.001
-0.000 -0.000 -0.001  0.762 -0.000
 0.181 -0.000  0.001 -0.000  0.708
atom    6   spin  2
eigenvalues:  0.1294002 0.1671150 0.1708751 0.4058817 0.4192292
 eigenvectors
 1   0.8306954 -0.0001383 -0.0004616 -0.0003258  0.5567268
 2   0.0002013 -0.7064657 -0.7038599  0.0740706 -0.0010161
 3   0.0006858  0.0517001  0.0530549  0.9972521 -0.0003828
 4  -0.0202590  0.7053744 -0.7079168  0.0011189  0.0298175
 5  -0.5563579 -0.0260836  0.0248994  0.0007288  0.8301596
 occupations
 0.219  0.000 -0.000 -0.000 -0.134
 0.000  0.286 -0.119  0.000 -0.000
-0.000 -0.119  0.287  0.000  0.000
-0.000  0.000  0.000  0.171  0.000
-0.134 -0.000  0.000  0.000  0.329
atom    7   Tr[ns(na)]=   5.0943223
atom    7   spin  1
eigenvalues:  0.5541163 0.5902692 0.7654383 0.9003601 0.9882299
 eigenvectors
 1  -0.0000000 -0.7090940  0.7051139  0.0000000  0.0000000
 2   0.5417111  0.0000000  0.0000000  0.0042608 -0.8405539
 3   0.0007857  0.0000000  0.0000000 -0.9999893 -0.0045626
 4   0.0000000 -0.7051139 -0.7090940 -0.0000000 -0.0000000
 5   0.8405644 -0.0000000 -0.0000000 -0.0018112  0.5417086
 occupations
 0.871 -0.000 -0.000 -0.001  0.181
-0.000  0.726  0.173  0.000  0.000
-0.000  0.173  0.728  0.000  0.000
-0.001  0.000  0.000  0.765  0.000
 0.181  0.000  0.000  0.000  0.707
atom    7   spin  2
eigenvalues:  0.1299242 0.1676319 0.1715392 0.4070222 0.4197910
 eigenvectors
 1   0.8309314  0.0000000  0.0000000  0.0048795  0.5563534
 2   0.0000000  0.7066974  0.7075160 -0.0000000 -0.0000000
 3   0.0040309 -0.0000000 -0.0000000 -0.9999881  0.0027501
 4  -0.0000000 -0.7075160  0.7066974 -0.0000000  0.0000000
 5  -0.5563602  0.0000000 -0.0000000  0.0000425  0.8309412
 occupations
 0.220 -0.000 -0.000 -0.000 -0.134
-0.000  0.287 -0.120  0.000  0.000
-0.000 -0.120  0.287 -0.000  0.000
-0.000  0.000 -0.000  0.172 -0.000
-0.134  0.000  0.000 -0.000  0.330
atom    8   Tr[ns(na)]=   5.0906367
atom    8   spin  1
eigenvalues:  0.5545471 0.5906810 0.7624039 0.9024408 0.9880627
 eigenvectors
 1  -0.0100413  0.7063941 -0.7075787  0.0014903  0.0153859
 2  -0.5424692 -0.0126421  0.0133375 -0.0010834  0.8398739
 3  -0.0028195  0.0022902  0.0044202  0.9999835 -0.0005669
 4  -0.0025405 -0.7076997 -0.7064921  0.0047359 -0.0010680
 5  -0.8400071  0.0018527  0.0019669 -0.0026890 -0.5425620
 occupations
 0.871  0.000 -0.000  0.000  0.181
 0.000  0.729  0.174 -0.001 -0.001
-0.000  0.174  0.728 -0.000  0.000
 0.000 -0.001 -0.000  0.762  0.000
 0.181 -0.001  0.000  0.000  0.708
atom    8   spin  2
eigenvalues:  0.1294002 0.1671150 0.1708751 0.4058817 0.4192292
 eigenvectors
 1  -0.8306954 -0.0004616 -0.0001383 -0.0003258 -0.5567268
 2  -0.0002013 -0.7038599 -0.7064657  0.0740706  0.0010161
 3   0.0006858 -0.0530549 -0.0517001 -0.9972521 -0.0003828
 4  -0.0202590  0.7079168 -0.7053744 -0.0011189  0.0298175
 5  -0.5563579 -0.0248994  0.0260836 -0.0007288  0.8301596
 occupations
 0.219  0.000 -0.000  0.000 -0.134
 0.000  0.287 -0.119  0.000 -0.000
-0.000 -0.119  0.286  0.000  0.000
 0.000  0.000  0.000  0.171 -0.000
-0.134 -0.000  0.000 -0.000  0.329
atom    9   Tr[ns(na)]=   5.0906367
atom    9   spin  1
eigenvalues:  0.5545471 0.5906810 0.7624039 0.9024408 0.9880627
 eigenvectors
 1   0.0100413  0.7063941 -0.7075787 -0.0014903 -0.0153859
 2  -0.5424692  0.0126421 -0.0133375 -0.0010834  0.8398739
 3  -0.0028195 -0.0022902 -0.0044202  0.9999835 -0.0005669
 4   0.0025405 -0.7076997 -0.7064921 -0.0047359  0.0010680
 5  -0.8400071 -0.0018527 -0.0019669 -0.0026890 -0.5425620
 occupations
 0.871 -0.000  0.000  0.000  0.181
-0.000  0.729  0.174  0.001  0.001
 0.000  0.174  0.728  0.000 -0.000
 0.000  0.001  0.000  0.762  0.000
 0.181  0.001 -0.000  0.000  0.708
atom    9   spin  2
eigenvalues:  0.1294002 0.1671150 0.1708751 0.4058817 0.4192292
 eigenvectors
 1   0.8306954 -0.0004616 -0.0001383  0.0003258  0.5567268
 2   0.0002013 -0.7038599 -0.7064657 -0.0740706 -0.0010161
 3   0.0006858  0.0530549  0.0517001 -0.9972521 -0.0003828
 4  -0.0202590 -0.7079168  0.7053744 -0.0011189  0.0298175
 5  -0.5563579  0.0248994 -0.0260836 -0.0007288  0.8301596
 occupations
 0.219 -0.000  0.000  0.000 -0.134
-0.000  0.287 -0.119 -0.000  0.000
 0.000 -0.119  0.286 -0.000 -0.000
 0.000 -0.000 -0.000  0.171 -0.000
-0.134  0.000 -0.000 -0.000  0.329
atom   10   Tr[ns(na)]=   5.0906144
atom   10   spin  1
eigenvalues:  0.5557483 0.5891850 0.7667354 0.9003284 0.9882613
 eigenvectors
 1  -0.0000000 -0.7071068  0.7071068  0.0000000  0.0000000
 2  -0.5418569 -0.0000000 -0.0000000  0.0000000  0.8404708
 3   0.0000000 -0.0000000 -0.0000000  1.0000000 -0.0000000
 4   0.0000000 -0.7071068 -0.7071068 -0.0000000 -0.0000000
 5   0.8404708 -0.0000000 -0.0000000  0.0000000  0.5418569
 occupations
 0.871 -0.000 -0.000  0.000  0.182
-0.000  0.728  0.172  0.000  0.000
-0.000  0.172  0.728  0.000  0.000
 0.000  0.000  0.000  0.767 -0.000
 0.182  0.000  0.000 -0.000  0.706
atom   10   spin  2
eigenvalues:  0.1294024 0.1671396 0.1702966 0.4065937 0.4169237
 eigenvectors
 1   0.8300900  0.0000000  0.0000000 -0.0000000  0.5576295
 2  -0.0000000 -0.7071068 -0.7071068  0.0000000  0.0000000
 3   0.0000000 -0.0000000 -0.0000000 -1.0000000 -0.0000000
 4  -0.0000000 -0.7071068  0.7071068 -0.0000000  0.0000000
 5  -0.5576295  0.0000000 -0.0000000 -0.0000000  0.8300900
 occupations
 0.219 -0.000 -0.000  0.000 -0.133
-0.000  0.287 -0.120  0.000  0.000
-0.000 -0.120  0.287 -0.000  0.000
 0.000  0.000 -0.000  0.170 -0.000
-0.133  0.000  0.000 -0.000  0.328
atom   11   Tr[ns(na)]=   5.0912618
atom   11   spin  1
eigenvalues:  0.5559181 0.5883677 0.7590484 0.9055959 0.9882552
 eigenvectors
 1   0.0000000  0.7071067 -0.7071067 -0.0003472 -0.0000000
 2  -0.5432945 -0.0051050 -0.0051050  0.0000000  0.8395111
 3   0.0000000  0.0002455 -0.0002455  0.9999999 -0.0000000
 4   0.0045403 -0.7070882 -0.7070882 -0.0000000 -0.0056613
 5   0.8395299  0.0005203  0.0005203  0.0000000  0.5433130
 occupations
 0.870 -0.001 -0.001  0.000  0.182
-0.001  0.731  0.175  0.000  0.001
-0.001  0.175  0.731 -0.000  0.001
 0.000  0.000 -0.000  0.759 -0.000
 0.182  0.001  0.001 -0.000  0.706
atom   11   spin  2
eigenvalues:  0.1296328 0.1666366 0.1716424 0.4070486 0.4191160
 eigenvectors
 1   0.8308012  0.0008987  0.0008987 -0.0000000  0.5565678
 2   0.0024296 -0.7071041 -0.7071041  0.0000000 -0.0013432
 3   0.0000000 -0.0000295  0.0000295 -1.0000000 -0.0000000
 4  -0.0000000 -0.7071068  0.7071068  0.0000417  0.0000000
 5  -0.5565639 -0.0017453 -0.0017453 -0.0000000  0.8308011
 occupations
 0.219  0.000  0.000  0.000 -0.134
 0.000  0.287 -0.120 -0.000 -0.000
 0.000 -0.120  0.287  0.000 -0.000
 0.000 -0.000  0.000  0.172 -0.000
-0.134 -0.000 -0.000 -0.000  0.329
atom   12   Tr[ns(na)]=   5.0912618
atom   12   spin  1
eigenvalues:  0.5559181 0.5883677 0.7590484 0.9055959 0.9882552
 eigenvectors
 1   0.0000000  0.7071067 -0.7071067  0.0003472 -0.0000000
 2  -0.5432945  0.0051050  0.0051050  0.0000000  0.8395111
 3   0.0000000 -0.0002455  0.0002455  0.9999999 -0.0000000
 4  -0.0045403 -0.7070882 -0.7070882 -0.0000000  0.0056613
 5   0.8395299 -0.0005203 -0.0005203  0.0000000  0.5433130
 occupations
 0.870  0.001  0.001  0.000  0.182
 0.001  0.731  0.175 -0.000 -0.001
 0.001  0.175  0.731  0.000 -0.001
 0.000 -0.000  0.000  0.759 -0.000
 0.182 -0.001 -0.001 -0.000  0.706
atom   12   spin  2
eigenvalues:  0.1296328 0.1666366 0.1716424 0.4070486 0.4191160
 eigenvectors
 1   0.8308012 -0.0008987 -0.0008987 -0.0000000  0.5565678
 2  -0.0024296 -0.7071041 -0.7071041  0.0000000  0.0013432
 3   0.0000000  0.0000295 -0.0000295 -1.0000000 -0.0000000
 4  -0.0000000 -0.7071068  0.7071068 -0.0000417  0.0000000
 5  -0.5565639  0.0017453  0.0017453 -0.0000000  0.8308011
 occupations
 0.219 -0.000 -0.000  0.000 -0.134
-0.000  0.287 -0.120  0.000  0.000
-0.000 -0.120  0.287 -0.000  0.000
 0.000  0.000 -0.000  0.172 -0.000
-0.134  0.000  0.000 -0.000  0.329
atom   13   Tr[ns(na)]=   5.0497599
atom   13   spin  1
eigenvalues:  0.5104727 0.5866009 0.8072019 0.9395345 0.9904585
 eigenvectors
 1   0.2011249 -0.6588397 -0.6588397  0.0000000  0.3023398
 2   0.5057700  0.2567495  0.2567495  0.0000000  0.7825318
 3   0.0000000 -0.1792679  0.1792679 -0.9673293 -0.0000000
 4   0.0000000  0.6840051 -0.6840051 -0.2535231 -0.0000000
 5   0.8388954  0.0031623  0.0031623  0.0000000 -0.5442743
 occupations
 0.868  0.011  0.011  0.000 -0.189
 0.011  0.726 -0.205 -0.023  0.014
 0.011 -0.205  0.726  0.023  0.014
 0.000 -0.023  0.023  0.816 -0.000
-0.189  0.014  0.014 -0.000  0.699
atom   13   spin  2
eigenvalues:  0.1182856 0.1503017 0.1703622 0.3610516 0.4154902
 eigenvectors
 1   0.8280530  0.0010199  0.0010199 -0.0000000 -0.5606480
 2   0.0000000 -0.5588819  0.5588819  0.6126190 -0.0000000
 3   0.0000000  0.4331871 -0.4331871  0.7903783 -0.0000000
 4   0.2328103 -0.6438833 -0.6438833 -0.0000000  0.3415082
 5   0.5100271  0.2922554  0.2922554 -0.0000000  0.7543514
 occupations
 0.209  0.008  0.008  0.000  0.134
 0.008  0.264  0.106  0.007  0.012
 0.008  0.106  0.264 -0.007  0.012
 0.000  0.007 -0.007  0.163 -0.000
 0.134  0.012  0.012 -0.000  0.316
atom   14   Tr[ns(na)]=   5.0915932
atom   14   spin  1
eigenvalues:  0.5532877 0.5906575 0.7709584 0.8967600 0.9878705
 eigenvectors
 1   0.0000000 -0.7071068 -0.7071068  0.0000000  0.0000000
 2   0.5437059  0.0000000  0.0000000  0.0000000  0.8392758
 3   0.0000000  0.0000000 -0.0000000 -1.0000000 -0.0000000
 4   0.0000000  0.7071068 -0.7071068  0.0000000 -0.0000000
 5  -0.8392758  0.0000000  0.0000000 -0.0000000  0.5437059
 occupations
 0.870 -0.000 -0.000  0.000 -0.181
-0.000  0.725 -0.172  0.000  0.000
-0.000 -0.172  0.725 -0.000  0.000
 0.000  0.000 -0.000  0.771 -0.000
-0.181  0.000  0.000 -0.000  0.708
atom   14   spin  2
eigenvalues:  0.1278569 0.1679086 0.1711427 0.4057617 0.4193891
 eigenvectors
 1  -0.8288089 -0.0000000 -0.0000000  0.0000000  0.5595318
 2  -0.0000000  0.7071068 -0.7071068 -0.0000000  0.0000000
 3   0.0000000  0.0000000 -0.0000000  1.0000000 -0.0000000
 4   0.0000000 -0.7071068 -0.7071068 -0.0000000  0.0000000
 5   0.5595318  0.0000000  0.0000000 -0.0000000  0.8288089
 occupations
 0.219 -0.000 -0.000  0.000  0.135
-0.000  0.287  0.119  0.000  0.000
-0.000  0.119  0.287  0.000  0.000
 0.000  0.000  0.000  0.171 -0.000
 0.135  0.000  0.000 -0.000  0.328
atom   15   Tr[ns(na)]=   5.0497599
atom   15   spin  1
eigenvalues:  0.5104727 0.5866009 0.8072019 0.9395345 0.9904585
 eigenvectors
 1   0.2011249  0.6588397  0.6588397 -0.0000000  0.3023398
 2   0.5057700 -0.2567495 -0.2567495  0.0000000  0.7825318
 3  -0.0000000 -0.1792679  0.1792679  0.9673293  0.0000000
 4   0.0000000 -0.6840051  0.6840051 -0.2535231 -0.0000000
 5  -0.8388954  0.0031623  0.0031623 -0.0000000  0.5442743
 occupations
 0.868 -0.011 -0.011  0.000 -0.189
-0.011  0.726 -0.205  0.023 -0.014
-0.011 -0.205  0.726 -0.023 -0.014
 0.000  0.023 -0.023  0.816 -0.000
-0.189 -0.014 -0.014 -0.000  0.699
atom   15   spin  2
eigenvalues:  0.1182856 0.1503017 0.1703622 0.3610516 0.4154902
 eigenvectors
 1  -0.8280530  0.0010199  0.0010199  0.0000000  0.5606480
 2   0.0000000  0.5588819 -0.5588819  0.6126190 -0.0000000
 3   0.0000000 -0.4331871  0.4331871  0.7903783 -0.0000000
 4   0.2328103  0.6438833  0.6438833  0.0000000  0.3415082
 5   0.5100271 -0.2922554 -0.2922554 -0.0000000  0.7543514
 occupations
 0.209 -0.008 -0.008  0.000  0.134
-0.008  0.264  0.106 -0.007 -0.012
-0.008  0.106  0.264  0.007 -0.012
 0.000 -0.007  0.007  0.163 -0.000
 0.134 -0.012 -0.012 -0.000  0.316
atom   16   Tr[ns(na)]=   5.0908354
atom   16   spin  1
eigenvalues:  0.5552493 0.5904633 0.7627611 0.9011807 0.9883113
 eigenvectors
 1  -0.0004805 -0.7073509 -0.7068617 -0.0004217 -0.0009222
 2   0.5423037 -0.0019376  0.0004753 -0.0016941  0.8401785
 3  -0.0015434  0.0022057 -0.0016084 -0.9999946 -0.0010142
 4   0.0014262  0.7068564 -0.7073496  0.0026935  0.0011152
 5  -0.8401798  0.0003497 -0.0004867  0.0007483  0.5423071
 occupations
 0.871  0.000 -0.000  0.000 -0.181
 0.000  0.728 -0.173  0.000  0.000
-0.000 -0.173  0.728 -0.000 -0.000
 0.000  0.000 -0.000  0.763  0.000
-0.181  0.000 -0.000  0.000  0.707
atom   16   spin  2
eigenvalues:  0.1294026 0.1671303 0.1703338 0.4064402 0.4195629
 eigenvectors
 1   0.8307515  0.0001422 -0.0000989 -0.0020683 -0.5566395
 2   0.0000155 -0.7051656  0.7045525 -0.0796705  0.0000139
 3  -0.0011186  0.0560866 -0.0565844 -0.9968184  0.0020589
 4  -0.0028256  0.7068122  0.7073832 -0.0003908 -0.0041607
 5   0.5566351  0.0035081  0.0036051  0.0010840  0.8307412
 occupations
 0.219  0.000  0.000  0.000  0.134
 0.000  0.287  0.120 -0.000  0.000
 0.000  0.120  0.287  0.000  0.000
 0.000 -0.000  0.000  0.170  0.000
 0.134  0.000  0.000  0.000  0.330
atom   17   Tr[ns(na)]=   5.0910699
atom   17   spin  1
eigenvalues:  0.5551150 0.5905885 0.7641463 0.9007882 0.9881574
 eigenvectors
 1  -0.0000000  0.7076768  0.7065363 -0.0000000 -0.0000000
 2   0.5421402  0.0000000  0.0000000  0.0002741  0.8402880
 3   0.0006179 -0.0000000  0.0000000  0.9999995 -0.0007249
 4   0.0000000  0.7065363 -0.7076768  0.0000000 -0.0000000
 5   0.8402878 -0.0000000 -0.0000000 -0.0009122 -0.5421398
 occupations
 0.871 -0.000 -0.000 -0.000 -0.181
-0.000  0.728 -0.173  0.000  0.000
-0.000 -0.173  0.728 -0.000  0.000
-0.000  0.000 -0.000  0.764  0.000
-0.181  0.000  0.000  0.000  0.707
atom   17   spin  2
eigenvalues:  0.1292903 0.1670923 0.1705048 0.4061542 0.4192331
 eigenvectors
 1  -0.8306165 -0.0000000 -0.0000000 -0.0001179  0.5568449
 2   0.0000000 -0.7072550  0.7069585  0.0000000 -0.0000000
 3  -0.0000752  0.0000000 -0.0000000  1.0000000  0.0000995
 4   0.0000000 -0.7069585 -0.7072550 -0.0000000  0.0000000
 5   0.5568449  0.0000000  0.0000000 -0.0000408  0.8306165
 occupations
 0.219 -0.000 -0.000 -0.000  0.134
-0.000  0.287  0.120  0.000  0.000
-0.000  0.120  0.287  0.000  0.000
-0.000  0.000  0.000  0.171 -0.000
 0.134  0.000  0.000 -0.000  0.329
atom   18   Tr[ns(na)]=   5.0908354
atom   18   spin  1
eigenvalues:  0.5552493 0.5904633 0.7627611 0.9011807 0.9883113
 eigenvectors
 1  -0.0004805  0.7073509  0.7068617 -0.0004217 -0.0009222
 2  -0.5423037 -0.0019376  0.0004753  0.0016941 -0.8401785
 3   0.0015434  0.0022057 -0.0016084  0.9999946  0.0010142
 4   0.0014262 -0.7068564  0.7073496  0.0026935  0.0011152
 5  -0.8401798 -0.0003497  0.0004867  0.0007483  0.5423071
 occupations
 0.871 -0.000  0.000  0.000 -0.181
-0.000  0.728 -0.173 -0.000 -0.000
 0.000 -0.173  0.728  0.000  0.000
 0.000 -0.000  0.000  0.763  0.000
-0.181 -0.000  0.000  0.000  0.707
atom   18   spin  2
eigenvalues:  0.1294026 0.1671303 0.1703338 0.4064402 0.4195629
 eigenvectors
 1   0.8307515 -0.0001422  0.0000989 -0.0020683 -0.5566395
 2   0.0000155  0.7051656 -0.7045525 -0.0796705  0.0000139
 3  -0.0011186 -0.0560866  0.0565844 -0.9968184  0.0020589
 4  -0.0028256 -0.7068122 -0.7073832 -0.0003908 -0.0041607
 5   0.5566351 -0.0035081 -0.0036051  0.0010840  0.8307412
 occupations
 0.219 -0.000 -0.000  0.000  0.134
-0.000  0.287  0.120  0.000 -0.000
-0.000  0.120  0.287 -0.000 -0.000
 0.000  0.000 -0.000  0.170  0.000
 0.134 -0.000 -0.000  0.000  0.330
atom   19   Tr[ns(na)]=   5.0908354
atom   19   spin  1
eigenvalues:  0.5552493 0.5904633 0.7627611 0.9011807 0.9883113
 eigenvectors
 1   0.0004805  0.7068617  0.7073509 -0.0004217  0.0009222
 2   0.5423037  0.0004753 -0.0019376  0.0016941  0.8401785
 3   0.0015434  0.0016084 -0.0022057 -0.9999946  0.0010142
 4   0.0014262 -0.7073496  0.7068564 -0.0026935  0.0011152
 5  -0.8401798 -0.0004867  0.0003497 -0.0007483  0.5423071
 occupations
 0.871 -0.000  0.000 -0.000 -0.181
-0.000  0.728 -0.173  0.000 -0.000
 0.000 -0.173  0.728 -0.000  0.000
-0.000  0.000 -0.000  0.763 -0.000
-0.181 -0.000  0.000 -0.000  0.707
atom   19   spin  2
eigenvalues:  0.1294026 0.1671303 0.1703338 0.4064402 0.4195629
 eigenvectors
 1  -0.8307515  0.0000989 -0.0001422 -0.0020683  0.5566395
 2  -0.0000155 -0.7045525  0.7051656 -0.0796705 -0.0000139
 3   0.0011186  0.0565844 -0.0560866 -0.9968184 -0.0020589
 4   0.0028256 -0.7073832 -0.7068122 -0.0003908  0.0041607
 5   0.5566351  0.0036051  0.0035081 -0.0010840  0.8307412
 occupations
 0.219  0.000  0.000 -0.000  0.134
 0.000  0.287  0.120 -0.000  0.000
 0.000  0.120  0.287  0.000  0.000
-0.000 -0.000  0.000  0.170 -0.000
 0.134  0.000  0.000 -0.000  0.330
atom   20   Tr[ns(na)]=   5.0910699
atom   20   spin  1
eigenvalues:  0.5551150 0.5905885 0.7641463 0.9007882 0.9881574
 eigenvectors
 1  -0.0000000  0.7065363  0.7076768 -0.0000000 -0.0000000
 2   0.5421402  0.0000000  0.0000000 -0.0002741  0.8402880
 3   0.0006179  0.0000000 -0.0000000 -0.9999995 -0.0007249
 4   0.0000000  0.7076768 -0.7065363  0.0000000 -0.0000000
 5  -0.8402878  0.0000000  0.0000000 -0.0009122  0.5421398
 occupations
 0.871 -0.000 -0.000  0.000 -0.181
-0.000  0.728 -0.173  0.000  0.000
-0.000 -0.173  0.728 -0.000  0.000
 0.000  0.000 -0.000  0.764 -0.000
-0.181  0.000  0.000 -0.000  0.707
atom   20   spin  2
eigenvalues:  0.1292903 0.1670923 0.1705048 0.4061542 0.4192331
 eigenvectors
 1   0.8306165  0.0000000  0.0000000 -0.0001179 -0.5568449
 2   0.0000000 -0.7069585  0.7072550  0.0000000 -0.0000000
 3  -0.0000752 -0.0000000  0.0000000 -1.0000000  0.0000995
 4   0.0000000 -0.7072550 -0.7069585 -0.0000000  0.0000000
 5   0.5568449  0.0000000  0.0000000  0.0000408  0.8306165
 occupations
 0.219 -0.000 -0.000  0.000  0.134
-0.000  0.287  0.120  0.000  0.000
-0.000  0.120  0.287  0.000  0.000
 0.000  0.000  0.000  0.171  0.000
 0.134  0.000  0.000  0.000  0.329
atom   21   Tr[ns(na)]=   5.0908354
atom   21   spin  1
eigenvalues:  0.5552493 0.5904633 0.7627611 0.9011807 0.9883113
 eigenvectors
 1   0.0004805 -0.7068617 -0.7073509 -0.0004217  0.0009222
 2  -0.5423037  0.0004753 -0.0019376 -0.0016941 -0.8401785
 3  -0.0015434  0.0016084 -0.0022057  0.9999946 -0.0010142
 4   0.0014262  0.7073496 -0.7068564 -0.0026935  0.0011152
 5  -0.8401798  0.0004867 -0.0003497 -0.0007483  0.5423071
 occupations
 0.871  0.000 -0.000 -0.000 -0.181
 0.000  0.728 -0.173 -0.000  0.000
-0.000 -0.173  0.728  0.000 -0.000
-0.000 -0.000  0.000  0.763 -0.000
-0.181  0.000 -0.000 -0.000  0.707
atom   21   spin  2
eigenvalues:  0.1294026 0.1671303 0.1703338 0.4064402 0.4195629
 eigenvectors
 1  -0.8307515 -0.0000989  0.0001422 -0.0020683  0.5566395
 2  -0.0000155  0.7045525 -0.7051656 -0.0796705 -0.0000139
 3   0.0011186 -0.0565844  0.0560866 -0.9968184 -0.0020589
 4   0.0028256  0.7073832  0.7068122 -0.0003908  0.0041607
 5   0.5566351 -0.0036051 -0.0035081 -0.0010840  0.8307412
 occupations
 0.219 -0.000 -0.000 -0.000  0.134
-0.000  0.287  0.120  0.000 -0.000
-0.000  0.120  0.287 -0.000 -0.000
-0.000  0.000 -0.000  0.170 -0.000
 0.134 -0.000 -0.000 -0.000  0.330
atom   22   Tr[ns(na)]=   5.0932985
atom   22   spin  1
eigenvalues:  0.5542884 0.5913277 0.7697482 0.8945645 0.9878214
 eigenvectors
 1  -0.0094692 -0.7068768 -0.7068768  0.0000000 -0.0236790
 2   0.5378982 -0.0177162 -0.0177162  0.0000000  0.8426374
 3   0.0000000 -0.0319153  0.0319153 -0.9989809 -0.0000000
 4   0.0000000  0.7063862 -0.7063862 -0.0451351 -0.0000000
 5   0.8429566  0.0033643  0.0033643  0.0000000 -0.5379605
 occupations
 0.873  0.001  0.001  0.000 -0.180
 0.001  0.724 -0.170 -0.004 -0.001
 0.001 -0.170  0.724  0.004 -0.001
 0.000 -0.004  0.004  0.770 -0.000
-0.180 -0.001 -0.001 -0.000  0.706
atom   22   spin  2
eigenvalues:  0.1290323 0.1679892 0.1715773 0.4065393 0.4204103
 eigenvectors
 1   0.8310149  0.0012219  0.0012219 -0.0000000 -0.5562474
 2  -0.0000000  0.7056623 -0.7056623 -0.0638861  0.0000000
 3   0.0000000  0.0451743 -0.0451743  0.9979572 -0.0000000
 4  -0.0013035 -0.7070972 -0.7070972 -0.0000000 -0.0050538
 5  -0.5562486  0.0034824  0.0034824  0.0000000 -0.8310014
 occupations
 0.219 -0.000 -0.000  0.000  0.135
-0.000  0.287  0.119  0.000  0.000
-0.000  0.119  0.287 -0.000  0.000
 0.000  0.000 -0.000  0.172 -0.000
 0.135  0.000  0.000 -0.000  0.330
atom   23   Tr[ns(na)]=   5.0906806
atom   23   spin  1
eigenvalues:  0.5536275 0.5888585 0.7695922 0.9018206 0.9878230
 eigenvectors
 1   0.0000000 -0.7071068 -0.7071068  0.0000000  0.0000000
 2   0.5414569  0.0000000  0.0000000  0.0000000  0.8407285
 3   0.0000000  0.0000000 -0.0000000 -1.0000000 -0.0000000
 4   0.0000000  0.7071068 -0.7071068  0.0000000 -0.0000000
 5  -0.8407285  0.0000000  0.0000000 -0.0000000  0.5414569
 occupations
 0.871 -0.000 -0.000  0.000 -0.182
-0.000  0.728 -0.174  0.000  0.000
-0.000 -0.174  0.728 -0.000  0.000
 0.000  0.000 -0.000  0.770 -0.000
-0.182  0.000  0.000 -0.000  0.706
atom   23   spin  2
eigenvalues:  0.1288419 0.1665383 0.1699537 0.4052739 0.4183510
 eigenvectors
 1  -0.8303942 -0.0000000 -0.0000000  0.0000000  0.5571764
 2  -0.0000000  0.7071068 -0.7071068 -0.0000000  0.0000000
 3   0.0000000  0.0000000 -0.0000000  1.0000000 -0.0000000
 4   0.0000000 -0.7071068 -0.7071068 -0.0000000  0.0000000
 5   0.5571764  0.0000000  0.0000000 -0.0000000  0.8303942
 occupations
 0.219 -0.000 -0.000  0.000  0.134
-0.000  0.286  0.119  0.000  0.000
-0.000  0.119  0.286  0.000  0.000
 0.000  0.000  0.000  0.170 -0.000
 0.134  0.000  0.000 -0.000  0.328
atom   24   Tr[ns(na)]=   5.0932985
atom   24   spin  1
eigenvalues:  0.5542884 0.5913277 0.7697482 0.8945645 0.9878214
 eigenvectors
 1  -0.0094692  0.7068768  0.7068768 -0.0000000 -0.0236790
 2   0.5378982  0.0177162  0.0177162  0.0000000  0.8426374
 3  -0.0000000 -0.0319153  0.0319153  0.9989809  0.0000000
 4   0.0000000 -0.7063862  0.7063862 -0.0451351 -0.0000000
 5  -0.8429566  0.0033643  0.0033643 -0.0000000  0.5379605
 occupations
 0.873 -0.001 -0.001  0.000 -0.180
-0.001  0.724 -0.170  0.004  0.001
-0.001 -0.170  0.724 -0.004  0.001
 0.000  0.004 -0.004  0.770 -0.000
-0.180  0.001  0.001 -0.000  0.706
atom   24   spin  2
eigenvalues:  0.1290323 0.1679892 0.1715773 0.4065393 0.4204103
 eigenvectors
 1   0.8310149 -0.0012219 -0.0012219 -0.0000000 -0.5562474
 2   0.0000000  0.7056623 -0.7056623  0.0638861  0.0000000
 3   0.0000000 -0.0451743  0.0451743  0.9979572 -0.0000000
 4   0.0013035 -0.7070972 -0.7070972 -0.0000000  0.0050538
 5  -0.5562486 -0.0034824 -0.0034824  0.0000000 -0.8310014
 occupations
 0.219  0.000  0.000  0.000  0.135
 0.000  0.287  0.119 -0.000 -0.000
 0.000  0.119  0.287  0.000 -0.000
 0.000 -0.000  0.000  0.172 -0.000
 0.135 -0.000 -0.000 -0.000  0.330
nsum = 122.0668928
 exit write_ns
 Atomic wfc used for LDA+U Projector are NOT orthogonalized
     Starting wfc from file
 
  total number of bands =          374
  band subset =            1  ...          374
  number of bands in subset =          374

     starting charge  624.00000
 LDA+U - reading occupations
  0.859749339380613      -4.644127983884558E-016 -2.939895873616567E-016
  1.673951495492688E-015  0.204289560736737      -4.644127983884558E-016
  0.734199621220980       0.181130540657052       8.996457402567252E-016
  5.483581394315960E-016 -2.939895873616567E-016  0.181130540657052     
  0.734199621220980       5.375060465328608E-016  5.008030946374206E-016
  1.673951495492688E-015  8.996457402567252E-016  5.375060465328608E-016
  0.857867281416500      -1.933020443046359E-015  0.204289560736737     
  5.483581394315960E-016  5.008030946374206E-016 -1.933020443046359E-015
  0.662985029400628       0.206270302993419      -1.650266110664248E-016
 -1.251415930602033E-016  5.822732012259322E-016 -0.112460655214123     
 -1.650266110664248E-016  0.277842535474348      -0.123435364424299     
  4.942668877025356E-016  2.485483800209304E-016 -1.251415930602033E-016
 -0.123435364424299       0.277842535474348      -2.522909059608981E-016
  1.396358222237115E-016  5.822732012259322E-016  4.942668877025356E-016
 -2.522909059608981E-016  0.143487480285892      -7.415750628560924E-016
 -0.112460655214123       2.485483800209304E-016  1.396358222237115E-016
 -7.415750628560924E-016  0.291135639450753       0.870471771580389     
 -1.797749256512648E-004 -1.797749256511137E-004  1.559268549476533E-015
  0.181853922568823      -1.797749256512648E-004  0.729631649139291     
  0.175664538755019       1.521474483529028E-004  8.032070872949456E-005
 -1.797749256511137E-004  0.175664538755019       0.729631649139290     
 -1.521474483515853E-004  8.032070872948587E-005  1.559268549476533E-015
  1.521474483529028E-004 -1.521474483515853E-004  0.763201807509343     
 -1.928659744246787E-015  0.181853922568823       8.032070872949456E-005
  8.032070872948587E-005 -1.928659744246787E-015  0.707043111738540     
  0.219231532716084       1.432230924787608E-004  1.432230924787825E-004
  6.749230320186666E-016 -0.133827015396967       1.432230924787608E-004
  0.286467839797218      -0.119667232695740       2.234798355893721E-004
 -4.146588553133313E-005  1.432230924787825E-004 -0.119667232695740     
  0.286467839797218      -2.234798355890916E-004 -4.146588553141183E-005
  6.749230320186666E-016  2.234798355893721E-004 -2.234798355890916E-004
  0.170387808265593      -8.510971746728604E-016 -0.133827015396967     
 -4.146588553133313E-005 -4.146588553141183E-005 -8.510971746728604E-016
  0.329020842094989       0.870471771580389       1.797749256503396E-004
  1.797749256504910E-004  1.561810560226512E-015  0.181853922568823     
  1.797749256503396E-004  0.729631649139291       0.175664538755019     
 -1.521474483511247E-004 -8.032070872839107E-005  1.797749256504910E-004
  0.175664538755019       0.729631649139290       1.521474483524475E-004
 -8.032070872839997E-005  1.561810560226512E-015 -1.521474483511247E-004
  1.521474483524475E-004  0.763201807509343      -1.931072118043461E-015
  0.181853922568823      -8.032070872839107E-005 -8.032070872839997E-005
 -1.931072118043461E-015  0.707043111738540       0.219231532716084     
 -1.432230924791088E-004 -1.432230924790854E-004  6.749958342270523E-016
 -0.133827015396967      -1.432230924791088E-004  0.286467839797218     
 -0.119667232695740      -2.234798355883620E-004  4.146588553184883E-005
 -1.432230924790854E-004 -0.119667232695740       0.286467839797218     
  2.234798355886416E-004  4.146588553176918E-005  6.749958342270523E-016
 -2.234798355883620E-004  2.234798355886416E-004  0.170387808265593     
 -8.514698781748019E-016 -0.133827015396967       4.146588553184883E-005
  4.146588553176918E-005 -8.514698781748019E-016  0.329020842094989     
  0.871447864990571      -4.611105046422972E-016 -3.090730329250924E-016
  7.434969667052722E-004  0.181207185713403      -4.611105046422972E-016
  0.728212642054872       0.173119114379534       8.893143089220400E-016
  5.513076478621360E-016 -3.090730329250924E-016  0.173119114379534     
  0.726263760592128       4.317011343153964E-016  5.426062855143103E-016
  7.434969667052722E-004  8.893143089220400E-016  4.317011343153964E-016
  0.765435838577231      -4.087623340050090E-004  0.181207185713403     
  5.513076478621360E-016  5.426062855143103E-016 -4.087623340050090E-004
  0.707053746949183       0.219649284553920      -1.745260974383198E-016
 -1.517423188477632E-016  1.746021858024232E-004 -0.134005730586155     
 -1.745260974383198E-016  0.287188480971636      -0.119695028477888     
  5.061859503437178E-016  2.584901911107171E-016 -1.517423188477632E-016
 -0.119695028477888       0.287465622942414      -2.245916722225315E-016
  1.795444765752625E-016  1.746021858024232E-004  5.061859503437178E-016
 -2.245916722225315E-016  0.171538184965798       1.042005614290213E-004
 -0.134005730586155       2.584901911107171E-016  1.795444765752625E-016
  1.042005614290213E-004  0.330066887249054       0.871077992796071     
 -3.558654537706744E-004  1.972639125295978E-004 -4.102101446275930E-004
  0.181115762285771      -3.558654537706744E-004  0.728203851169879     
  0.173939001705410       2.480756290750270E-004  2.041182334187209E-004
  1.972639125295978E-004  0.173939001705410       0.728794142524019     
  6.916381992183455E-004 -5.567601238742309E-004 -4.102101446275930E-004
  2.480756290750270E-004  6.916381992183455E-004  0.762407967722381     
 -4.800024370727383E-004  0.181115762285771       2.041182334187209E-004
 -5.567601238742309E-004 -4.800024370727383E-004  0.707651551731565     
  0.219225668144008      -2.510823422485806E-004  5.361254557457233E-005
 -9.486140234219058E-005 -0.134029149621860      -2.510823422485806E-004
  0.286095685228053      -0.119380721902797      -3.775170546799699E-004
  4.344717244126686E-004  5.361254557457233E-005 -0.119380721902797     
  0.286938933304340      -1.437897315775826E-005 -1.809594087636401E-004
 -9.486140234219058E-005 -3.775170546799699E-004 -1.437897315775826E-005
  0.170854844104278       1.659078626652013E-004 -0.134029149621860     
  4.344717244126686E-004 -1.809594087636401E-004  1.659078626652013E-004
  0.329386054426885       0.871077992796071       3.558654537697514E-004
 -1.972639125302200E-004 -4.102101446275906E-004  0.181115762285771     
  3.558654537697514E-004  0.728203851169878       0.173939001705410     
 -2.480756290732493E-004 -2.041182334176181E-004 -1.972639125302200E-004
  0.173939001705410       0.728794142524019      -6.916381992174868E-004
  5.567601238753158E-004 -4.102101446275906E-004 -2.480756290732493E-004
 -6.916381992174868E-004  0.762407967722381      -4.800024370727396E-004
  0.181115762285771      -2.041182334176181E-004  5.567601238753158E-004
 -4.800024370727396E-004  0.707651551731565       0.219225668144008     
  2.510823422482330E-004 -5.361254557487639E-005 -9.486140234219024E-005
 -0.134029149621860       2.510823422482330E-004  0.286095685228053     
 -0.119380721902797       3.775170546809784E-004 -4.344717244121536E-004
 -5.361254557487639E-005 -0.119380721902797       0.286938933304340     
  1.437897315730948E-005  1.809594087639987E-004 -9.486140234219024E-005
  3.775170546809784E-004  1.437897315730948E-005  0.170854844104278     
  1.659078626652003E-004 -0.134029149621860      -4.344717244121536E-004
  1.809594087639987E-004  1.659078626652003E-004  0.329386054426885     
  0.871447864990571      -4.603239873948277E-016 -3.112028325649485E-016
 -7.434969667021388E-004  0.181207185713403      -4.603239873948277E-016
  0.726263760592128       0.173119114379534       8.878221518129112E-016
  5.503924005264475E-016 -3.112028325649485E-016  0.173119114379534     
  0.728212642054872       4.336038108667649E-016  5.414388842476040E-016
 -7.434969667021388E-004  8.878221518129112E-016  4.336038108667649E-016
  0.765435838577231       4.087623340011431E-004  0.181207185713403     
  5.503924005264475E-016  5.414388842476040E-016  4.087623340011431E-004
  0.707053746949183       0.219649284553920      -1.747237197640320E-016
 -1.520274822685977E-016 -1.746021858010682E-004 -0.134005730586155     
 -1.747237197640320E-016  0.287465622942415      -0.119695028477888     
  5.064813007911470E-016  2.586330937815716E-016 -1.520274822685977E-016
 -0.119695028477888       0.287188480971636      -2.245030656109949E-016
  1.793273316190779E-016 -1.746021858010682E-004  5.064813007911470E-016
 -2.245030656109949E-016  0.171538184965798      -1.042005614307302E-004
 -0.134005730586155       2.586330937815716E-016  1.793273316190779E-016
 -1.042005614307302E-004  0.330066887249054       0.871077992796071     
  1.972639125294446E-004 -3.558654537705242E-004  4.102101446307163E-004
  0.181115762285771       1.972639125294446E-004  0.728794142524020     
  0.173939001705410      -6.916381992170248E-004 -5.567601238742202E-004
 -3.558654537705242E-004  0.173939001705410       0.728203851169878     
 -2.480756290737093E-004  2.041182334187136E-004  4.102101446307163E-004
 -6.916381992170248E-004 -2.480756290737093E-004  0.762407967722381     
  4.800024370688747E-004  0.181115762285771      -5.567601238742202E-004
  2.041182334187136E-004  4.800024370688747E-004  0.707651551731565     
