
     Program PWSCF v.4.3        starts on 29Aug2018 at 11:52: 0 

     This program is part of the open-source Quantum ESPRESSO suite
     for quantum simulation of materials; please cite
         "P. Giannozzi et al., J. Phys.:Condens. Matter 21 395502 (2009);
          URL http://www.quantum-espresso.org", 
     in publications or presentations arising from this work. More details at
     http://www.quantum-espresso.org/wiki/index.php/Citing_Quantum-ESPRESSO

     Parallel version (MPI), running on    64 processors
     R & G space division:  proc/pool =   64

     Current dimensions of program PWSCF are:
     Max number of different atomic species (ntypx) = **
     Max number of k-points (npk) =  40000
     Max angular momentum in pseudopotentials (lmaxx) =  3
     Waiting for input...

     Atomic positions and unit cell read from directory:
     ./cro2.O25-FCH.save/
 

     Subspace diagonalization in iterative solution of the eigenvalue problem:
     parallel, distributed-memory algorithm (size of sub-group:  5*  5 procs)

 
   Stick Mesh
   ----------
   nst =  6657,  nstw =   673, nsts =  2669
               n.st   n.stw   n.sts    n.g    n.gw   n.gs
   min         104      10      41    6328     199    1583
   max         105      12      42    6332     205    1620
       6657     673    2669  405123   12877  102397
 


     bravais-lattice index     =           14
     lattice parameter (a_0)   =      16.7090  a.u.
     unit-cell volume          =    4616.9515 (a.u.)^3
     number of atoms/cell      =           72
     number of atomic types    =            3
     number of electrons       =       624.00
     number of Kohn-Sham states=         1122
     kinetic-energy cutoff     =      30.0000  Ry
     charge density cutoff     =     300.0000  Ry
     Exchange-correlation      = SLA  PW   PBE  PBE (1434)
     EXX-fraction              =        0.00

     celldm(1)=  16.708958  celldm(2)=   1.000000  celldm(3)=   0.989708
     celldm(4)=   0.000000  celldm(5)=   0.000000  celldm(6)=   0.000000

     crystal axes: (cart. coord. in units of a_0)
               a(1) = (   1.000000   0.000000   0.000000 )  
               a(2) = (   0.000000   1.000000   0.000000 )  
               a(3) = (   0.000000   0.000000   0.989708 )  

     reciprocal axes: (cart. coord. in units 2 pi/a_0)
               b(1) = (  1.000000  0.000000  0.000000 )  
               b(2) = (  0.000000  1.000000  0.000000 )  
               b(3) = (  0.000000  0.000000  1.010399 )  


     PseudoPot. # 1 for Cr read from file Cr.pbe-van-yufengl.UPF
     MD5 check sum: b3ad88ce73ccf30ec9a6cdad427f0885
     Pseudo is Ultrasoft, Zval = 14.0
     Generated by new atomic code, or converted to UPF format
     Using radial grid of  857 points,  6 beta functions with: 
                l(1) =   0
                l(2) =   0
                l(3) =   1
                l(4) =   1
                l(5) =   2
                l(6) =   2
     Q(r) pseudized with  6 coefficients,  rinner =    1.000   1.000   1.000
                                                       1.000   1.000

     PseudoPot. # 2 for O  read from file O.pbe-van_bm.UPF
     MD5 check sum: ca2828d9fb1f294809e918903b7648d1
     Pseudo is Ultrasoft, Zval =  6.0
     Generated by new atomic code, or converted to UPF format
     Using radial grid of  737 points,  4 beta functions with: 
                l(1) =   0
                l(2) =   0
                l(3) =   1
                l(4) =   1
     Q(r) pseudized with  8 coefficients,  rinner =    0.800   0.800   0.800


     PseudoPot. # 3 for ox read from file O.pbe-van-dgp-1s1.UPF
     MD5 check sum: 2083901d62884ac3a15d661bda1575b3
     Pseudo is Ultrasoft, Zval =  7.0
     Generated by new atomic code, or converted to UPF format
     Using radial grid of  737 points,  4 beta functions with: 
                l(1) =   0
                l(2) =   0
                l(3) =   1
                l(4) =   1
     Q(r) pseudized with  8 coefficients,  rinner =    0.800   0.800   0.800


     atomic species   valence    mass     pseudopotential
        Cr            14.00    52.00000     Cr( 1.00)
        O              6.00    15.99900     O ( 1.00)
        OX             7.00    15.99900     ox( 1.00)

     Starting magnetic structure 
     atomic species   magnetization
        Cr           1.000
        O            0.000
        OX           0.000

     LDA+U calculation, Hubbard_lmax = 2
     atomic species  L   Hubbard U  Hubbard alpha
        Cr           2    0.257245    0.000000

      4 Sym.Ops. (no inversion)


   Cartesian axes

     site n.     atom                  positions (a_0 units)
         1           Cr  tau(  1) = (   0.0000000   0.0000000   0.0000000  )
         2           Cr  tau(  2) = (   0.0000000   0.0000000   0.3299027  )
         3           Cr  tau(  3) = (   0.0000000   0.0000000   0.6598055  )
         4           Cr  tau(  4) = (   0.0000000   0.5000000   0.0000000  )
         5           Cr  tau(  5) = (   0.0000000   0.5000000   0.3299027  )
         6           Cr  tau(  6) = (   0.0000000   0.5000000   0.6598055  )
         7           Cr  tau(  7) = (   0.5000000   0.0000000   0.0000000  )
         8           Cr  tau(  8) = (   0.5000000   0.0000000   0.3299027  )
         9           Cr  tau(  9) = (   0.5000000   0.0000000   0.6598055  )
        10           Cr  tau( 10) = (   0.5000000   0.5000000   0.0000000  )
        11           Cr  tau( 11) = (   0.5000000   0.5000000   0.3299027  )
        12           Cr  tau( 12) = (   0.5000000   0.5000000   0.6598055  )
        13           Cr  tau( 13) = (   0.2500000   0.2500000   0.1649514  )
        14           Cr  tau( 14) = (   0.2500000   0.2500000   0.4948541  )
        15           Cr  tau( 15) = (   0.2500000   0.2500000   0.8247569  )
        16           Cr  tau( 16) = (   0.2500000   0.7500000   0.1649514  )
        17           Cr  tau( 17) = (   0.2500000   0.7500000   0.4948541  )
        18           Cr  tau( 18) = (   0.2500000   0.7500000   0.8247569  )
        19           Cr  tau( 19) = (   0.7500000   0.2500000   0.1649514  )
        20           Cr  tau( 20) = (   0.7500000   0.2500000   0.4948541  )
        21           Cr  tau( 21) = (   0.7500000   0.2500000   0.8247569  )
        22           Cr  tau( 22) = (   0.7500000   0.7500000   0.1649514  )
        23           Cr  tau( 23) = (   0.7500000   0.7500000   0.4948541  )
        24           Cr  tau( 24) = (   0.7500000   0.7500000   0.8247569  )
        25           OX  tau( 25) = (   0.1505000   0.1505000   0.0000000  )
        26           O   tau( 26) = (   0.1505000   0.1505000   0.3299027  )
        27           O   tau( 27) = (   0.1505000   0.1505000   0.6598055  )
        28           O   tau( 28) = (   0.1505000   0.6505000   0.0000000  )
        29           O   tau( 29) = (   0.1505000   0.6505000   0.3299027  )
        30           O   tau( 30) = (   0.1505000   0.6505000   0.6598055  )
        31           O   tau( 31) = (   0.6505000   0.1505000   0.0000000  )
        32           O   tau( 32) = (   0.6505000   0.1505000   0.3299027  )
        33           O   tau( 33) = (   0.6505000   0.1505000   0.6598055  )
        34           O   tau( 34) = (   0.6505000   0.6505000   0.0000000  )
        35           O   tau( 35) = (   0.6505000   0.6505000   0.3299027  )
        36           O   tau( 36) = (   0.6505000   0.6505000   0.6598055  )
        37           O   tau( 37) = (   0.3495000   0.3495000   0.0000000  )
        38           O   tau( 38) = (   0.3495000   0.3495000   0.3299027  )
        39           O   tau( 39) = (   0.3495000   0.3495000   0.6598055  )
        40           O   tau( 40) = (   0.3495000   0.8495000   0.0000000  )
        41           O   tau( 41) = (   0.3495000   0.8495000   0.3299027  )
        42           O   tau( 42) = (   0.3495000   0.8495000   0.6598055  )
        43           O   tau( 43) = (   0.8495000   0.3495000   0.0000000  )
        44           O   tau( 44) = (   0.8495000   0.3495000   0.3299027  )
        45           O   tau( 45) = (   0.8495000   0.3495000   0.6598055  )
        46           O   tau( 46) = (   0.8495000   0.8495000   0.0000000  )
        47           O   tau( 47) = (   0.8495000   0.8495000   0.3299027  )
        48           O   tau( 48) = (   0.8495000   0.8495000   0.6598055  )
        49           O   tau( 49) = (   0.0995000   0.4005000   0.1649514  )
        50           O   tau( 50) = (   0.0995000   0.4005000   0.4948541  )
        51           O   tau( 51) = (   0.0995000   0.4005000   0.8247569  )
        52           O   tau( 52) = (   0.0995000   0.9005000   0.1649514  )
        53           O   tau( 53) = (   0.0995000   0.9005000   0.4948541  )
        54           O   tau( 54) = (   0.0995000   0.9005000   0.8247569  )
        55           O   tau( 55) = (   0.5995000   0.4005000   0.1649514  )
        56           O   tau( 56) = (   0.5995000   0.4005000   0.4948541  )
        57           O   tau( 57) = (   0.5995000   0.4005000   0.8247569  )
        58           O   tau( 58) = (   0.5995000   0.9005000   0.1649514  )
        59           O   tau( 59) = (   0.5995000   0.9005000   0.4948541  )
        60           O   tau( 60) = (   0.5995000   0.9005000   0.8247569  )
        61           O   tau( 61) = (   0.4005000   0.0995000   0.1649514  )
        62           O   tau( 62) = (   0.4005000   0.0995000   0.4948541  )
        63           O   tau( 63) = (   0.4005000   0.0995000   0.8247569  )
        64           O   tau( 64) = (   0.4005000   0.5995000   0.1649514  )
        65           O   tau( 65) = (   0.4005000   0.5995000   0.4948541  )
        66           O   tau( 66) = (   0.4005000   0.5995000   0.8247569  )
        67           O   tau( 67) = (   0.9005000   0.0995000   0.1649514  )
        68           O   tau( 68) = (   0.9005000   0.0995000   0.4948541  )
        69           O   tau( 69) = (   0.9005000   0.0995000   0.8247569  )
        70           O   tau( 70) = (   0.9005000   0.5995000   0.1649514  )
        71           O   tau( 71) = (   0.9005000   0.5995000   0.4948541  )
        72           O   tau( 72) = (   0.9005000   0.5995000   0.8247569  )

     number of k points=     2  Fermi-Dirac smearing, width (Ry)=  0.0019
                       cart. coord. in units 2pi/a_0
        k(    1) = (   0.0000000   0.0000000   0.0000000), wk =   1.0000000
        k(    2) = (   0.0000000   0.0000000   0.0000000), wk =   1.0000000

     G cutoff = 2121.5842  ( 405123 G-vectors)     FFT grid: ( 96, 96, 96)
     G cutoff =  848.6337  ( 102397 G-vectors)  smooth grid: ( 60, 60, 60)

     Largest allocated arrays     est. size (Mb)     dimensions
        Kohn-Sham Wavefunctions         3.46 Mb     (    202,1122)
        Atomic wavefunctions            1.33 Mb     (    202, 432)
        NL pseudopotentials             2.52 Mb     (    202, 816)
        Each V/rho on FFT grid          0.56 Mb     (  18432,   2)
        Each G-vector array             0.05 Mb     (   6332)
        G-vector shells                 0.02 Mb     (   3094)
     Largest temporary arrays     est. size (Mb)     dimensions
        Auxiliary wavefunctions        13.83 Mb     (    202,4488)
        Each subspace H/S matrix      307.34 Mb     (   4488,4488)
        Each <psi_i|beta_j> matrix     13.97 Mb     (    816,1122)

     The potential is recalculated from file :
     ./cro2.O25-FCH.save/charge-density.dat


     Parameters of the lda+U calculation:
     Number of iteration with fixed ns =  0
     Starting ns and Hubbard U :
 enter write_ns
U( 1) =  3.5000      U( 2) =  0.0000      U( 3) =  0.0000
alpha( 1) =  0.0000      alpha( 2) =  0.0000      alpha( 3) =  0.0000
atom    1   Tr[ns(na)]=   5.0455794
atom    1   spin  1
eigenvalues:  0.5346222 0.5530691 0.8578673 0.9153302 0.9881121
 eigenvectors
 1  -0.5320296 -0.0000000  0.0000000  0.0000000  0.8467258
 2   0.0000000 -0.7071068  0.7071068  0.0000000 -0.0000000
 3   0.0000000 -0.0000000 -0.0000000  1.0000000 -0.0000000
 4   0.0000000 -0.7071068 -0.7071068 -0.0000000 -0.0000000
 5   0.8467258 -0.0000000 -0.0000000  0.0000000  0.5320296
 occupations
 0.860 -0.000 -0.000  0.000  0.204
-0.000  0.734  0.181  0.000  0.000
-0.000  0.181  0.734  0.000  0.000
 0.000  0.000  0.000  0.858 -0.000
 0.204  0.000  0.000 -0.000  0.663
atom    1   spin  2
eigenvalues:  0.1285034 0.1434875 0.1544072 0.3689025 0.4012779
 eigenvectors
 1   0.8225018  0.0000000  0.0000000 -0.0000000  0.5687625
 2  -0.0000000  0.0000000  0.0000000 -1.0000000 -0.0000000
 3  -0.0000000 -0.7071068 -0.7071068 -0.0000000  0.0000000
 4  -0.5687625 -0.0000000  0.0000000 -0.0000000  0.8225018
 5   0.0000000 -0.7071068  0.7071068 -0.0000000 -0.0000000
 occupations
 0.206 -0.000 -0.000  0.000 -0.112
-0.000  0.278 -0.123  0.000  0.000
-0.000 -0.123  0.278 -0.000  0.000
 0.000  0.000 -0.000  0.143 -0.000
-0.112  0.000  0.000 -0.000  0.291
atom    2   Tr[ns(na)]=   5.0915559
atom    2   spin  1
eigenvalues:  0.5539669 0.5893881 0.7632020 0.9052961 0.9881269
 eigenvectors
 1   0.0000000  0.7071064 -0.7071064 -0.0010284 -0.0000000
 2  -0.5432015 -0.0005226 -0.0005226  0.0000000  0.8396020
 3   0.0000000  0.0007272 -0.0007272  0.9999995 -0.0000000
 4  -0.0011368 -0.7071054 -0.7071054 -0.0000000 -0.0016157
 5   0.8396016 -0.0012955 -0.0012955  0.0000000  0.5431996
 occupations
 0.870 -0.000 -0.000  0.000  0.182
-0.000  0.730  0.176  0.000  0.000
-0.000  0.176  0.730 -0.000  0.000
 0.000  0.000 -0.000  0.763 -0.000
 0.182  0.000  0.000 -0.000  0.707
atom    2   spin  2
eigenvalues:  0.1294775 0.1668010 0.1703874 0.4061355 0.4187745
 eigenvectors
 1   0.8305089 -0.0025682 -0.0025682 -0.0000000  0.5569934
 2  -0.0026593 -0.7071020 -0.7071020  0.0000000 -0.0025554
 3   0.0000000  0.0009480 -0.0009480 -0.9999991 -0.0000000
 4  -0.0000000 -0.7071061  0.7071061 -0.0013406  0.0000000
 5  -0.5569989 -0.0004533 -0.0004533 -0.0000000  0.8305130
 occupations
 0.219  0.000  0.000  0.000 -0.134
 0.000  0.286 -0.120  0.000 -0.000
 0.000 -0.120  0.286 -0.000 -0.000
 0.000  0.000 -0.000  0.170 -0.000
-0.134 -0.000 -0.000 -0.000  0.329
atom    3   Tr[ns(na)]=   5.0915559
atom    3   spin  1
eigenvalues:  0.5539669 0.5893881 0.7632020 0.9052961 0.9881269
 eigenvectors
 1   0.0000000  0.7071064 -0.7071064  0.0010284 -0.0000000
 2  -0.5432015  0.0005226  0.0005226  0.0000000  0.8396020
 3   0.0000000 -0.0007272  0.0007272  0.9999995 -0.0000000
 4   0.0011368 -0.7071054 -0.7071054 -0.0000000  0.0016157
 5   0.8396016  0.0012955  0.0012955  0.0000000  0.5431996
 occupations
 0.870  0.000  0.000  0.000  0.182
 0.000  0.730  0.176 -0.000 -0.000
 0.000  0.176  0.730  0.000 -0.000
 0.000 -0.000  0.000  0.763 -0.000
 0.182 -0.000 -0.000 -0.000  0.707
atom    3   spin  2
eigenvalues:  0.1294775 0.1668010 0.1703874 0.4061355 0.4187745
 eigenvectors
 1   0.8305089  0.0025682  0.0025682 -0.0000000  0.5569934
 2   0.0026593 -0.7071020 -0.7071020  0.0000000  0.0025554
 3   0.0000000 -0.0009480  0.0009480 -0.9999991 -0.0000000
 4  -0.0000000 -0.7071061  0.7071061  0.0013406  0.0000000
 5  -0.5569989  0.0004533  0.0004533 -0.0000000  0.8305130
 occupations
 0.219 -0.000 -0.000  0.000 -0.134
-0.000  0.286 -0.120 -0.000  0.000
-0.000 -0.120  0.286  0.000  0.000
 0.000 -0.000  0.000  0.170 -0.000
-0.134  0.000  0.000 -0.000  0.329
atom    4   Tr[ns(na)]=   5.0943223
atom    4   spin  1
eigenvalues:  0.5541163 0.5902692 0.7654383 0.9003601 0.9882299
 eigenvectors
 1  -0.0000000 -0.7051139  0.7090940  0.0000000  0.0000000
 2  -0.5417111 -0.0000000 -0.0000000  0.0042608  0.8405539
 3   0.0007857 -0.0000000 -0.0000000  0.9999893 -0.0045626
 4   0.0000000 -0.7090940 -0.7051139 -0.0000000 -0.0000000
 5   0.8405644 -0.0000000 -0.0000000  0.0018112  0.5417086
 occupations
 0.871 -0.000 -0.000  0.001  0.181
-0.000  0.728  0.173  0.000  0.000
-0.000  0.173  0.726  0.000  0.000
 0.001  0.000  0.000  0.765 -0.000
 0.181  0.000  0.000 -0.000  0.707
atom    4   spin  2
eigenvalues:  0.1299242 0.1676319 0.1715392 0.4070222 0.4197910
 eigenvectors
 1  -0.8309314 -0.0000000 -0.0000000  0.0048795 -0.5563534
 2   0.0000000  0.7075160  0.7066974 -0.0000000 -0.0000000
 3   0.0040309  0.0000000  0.0000000  0.9999881  0.0027501
 4  -0.0000000 -0.7066974  0.7075160 -0.0000000  0.0000000
 5  -0.5563602  0.0000000 -0.0000000 -0.0000425  0.8309412
 occupations
 0.220 -0.000 -0.000  0.000 -0.134
-0.000  0.287 -0.120  0.000  0.000
-0.000 -0.120  0.287 -0.000  0.000
 0.000  0.000 -0.000  0.172  0.000
-0.134  0.000  0.000  0.000  0.330
atom    5   Tr[ns(na)]=   5.0906367
atom    5   spin  1
eigenvalues:  0.5545471 0.5906810 0.7624039 0.9024408 0.9880627
 eigenvectors
 1   0.0100413  0.7075787 -0.7063941  0.0014903 -0.0153859
 2  -0.5424692  0.0133375 -0.0126421  0.0010834  0.8398739
 3  -0.0028195  0.0044202  0.0022902 -0.9999835 -0.0005669
 4  -0.0025405 -0.7064921 -0.7076997 -0.0047359 -0.0010680
 5   0.8400071 -0.0019669 -0.0018527 -0.0026890  0.5425620
 occupations
 0.871 -0.000  0.000 -0.000  0.181
-0.000  0.728  0.174  0.000  0.000
 0.000  0.174  0.729  0.001 -0.001
-0.000  0.000  0.001  0.762 -0.000
 0.181  0.000 -0.001 -0.000  0.708
atom    5   spin  2
eigenvalues:  0.1294002 0.1671150 0.1708751 0.4058817 0.4192292
 eigenvectors
 1  -0.8306954 -0.0001383 -0.0004616  0.0003258 -0.5567268
 2  -0.0002013 -0.7064657 -0.7038599 -0.0740706  0.0010161
 3   0.0006858 -0.0517001 -0.0530549  0.9972521 -0.0003828
 4  -0.0202590 -0.7053744  0.7079168  0.0011189  0.0298175
 5  -0.5563579  0.0260836 -0.0248994  0.0007288  0.8301596
 occupations
 0.219 -0.000  0.000 -0.000 -0.134
-0.000  0.286 -0.119 -0.000  0.000
 0.000 -0.119  0.287 -0.000 -0.000
-0.000 -0.000 -0.000  0.171  0.000
-0.134  0.000 -0.000  0.000  0.329
atom    6   Tr[ns(na)]=   5.0906367
atom    6   spin  1
eigenvalues:  0.5545471 0.5906810 0.7624039 0.9024408 0.9880627
 eigenvectors
 1  -0.0100413  0.7075787 -0.7063941 -0.0014903  0.0153859
 2  -0.5424692 -0.0133375  0.0126421  0.0010834  0.8398739
 3  -0.0028195 -0.0044202 -0.0022902 -0.9999835 -0.0005669
 4   0.0025405 -0.7064921 -0.7076997  0.0047359  0.0010680
 5   0.8400071  0.0019669  0.0018527 -0.0026890  0.5425620
 occupations
 0.871  0.000 -0.000 -0.000  0.181
 0.000  0.728  0.174 -0.000 -0.000
-0.000  0.174  0.729 -0.001  0.001
-0.000 -0.000 -0.001  0.762 -0.000
 0.181 -0.000  0.001 -0.000  0.708
atom    6   spin  2
eigenvalues:  0.1294002 0.1671150 0.1708751 0.4058817 0.4192292
 eigenvectors
 1   0.8306954 -0.0001383 -0.0004616 -0.0003258  0.5567268
 2   0.0002013 -0.7064657 -0.7038599  0.0740706 -0.0010161
 3   0.0006858  0.0517001  0.0530549  0.9972521 -0.0003828
 4  -0.0202590  0.7053744 -0.7079168  0.0011189  0.0298175
 5  -0.5563579 -0.0260836  0.0248994  0.0007288  0.8301596
 occupations
 0.219  0.000 -0.000 -0.000 -0.134
 0.000  0.286 -0.119  0.000 -0.000
-0.000 -0.119  0.287  0.000  0.000
-0.000  0.000  0.000  0.171  0.000
-0.134 -0.000  0.000  0.000  0.329
atom    7   Tr[ns(na)]=   5.0943223
atom    7   spin  1
eigenvalues:  0.5541163 0.5902692 0.7654383 0.9003601 0.9882299
 eigenvectors
 1  -0.0000000 -0.7090940  0.7051139  0.0000000  0.0000000
 2   0.5417111  0.0000000  0.0000000  0.0042608 -0.8405539
 3   0.0007857  0.0000000  0.0000000 -0.9999893 -0.0045626
 4   0.0000000 -0.7051139 -0.7090940 -0.0000000 -0.0000000
 5   0.8405644 -0.0000000 -0.0000000 -0.0018112  0.5417086
 occupations
 0.871 -0.000 -0.000 -0.001  0.181
-0.000  0.726  0.173  0.000  0.000
-0.000  0.173  0.728  0.000  0.000
-0.001  0.000  0.000  0.765  0.000
 0.181  0.000  0.000  0.000  0.707
atom    7   spin  2
eigenvalues:  0.1299242 0.1676319 0.1715392 0.4070222 0.4197910
 eigenvectors
 1   0.8309314  0.0000000  0.0000000  0.0048795  0.5563534
 2   0.0000000  0.7066974  0.7075160 -0.0000000 -0.0000000
 3   0.0040309 -0.0000000 -0.0000000 -0.9999881  0.0027501
 4  -0.0000000 -0.7075160  0.7066974 -0.0000000  0.0000000
 5  -0.5563602  0.0000000 -0.0000000  0.0000425  0.8309412
 occupations
 0.220 -0.000 -0.000 -0.000 -0.134
-0.000  0.287 -0.120  0.000  0.000
-0.000 -0.120  0.287 -0.000  0.000
-0.000  0.000 -0.000  0.172 -0.000
-0.134  0.000  0.000 -0.000  0.330
atom    8   Tr[ns(na)]=   5.0906367
atom    8   spin  1
eigenvalues:  0.5545471 0.5906810 0.7624039 0.9024408 0.9880627
 eigenvectors
 1  -0.0100413  0.7063941 -0.7075787  0.0014903  0.0153859
 2  -0.5424692 -0.0126421  0.0133375 -0.0010834  0.8398739
 3  -0.0028195  0.0022902  0.0044202  0.9999835 -0.0005669
 4  -0.0025405 -0.7076997 -0.7064921  0.0047359 -0.0010680
 5  -0.8400071  0.0018527  0.0019669 -0.0026890 -0.5425620
 occupations
 0.871  0.000 -0.000  0.000  0.181
 0.000  0.729  0.174 -0.001 -0.001
-0.000  0.174  0.728 -0.000  0.000
 0.000 -0.001 -0.000  0.762  0.000
 0.181 -0.001  0.000  0.000  0.708
atom    8   spin  2
eigenvalues:  0.1294002 0.1671150 0.1708751 0.4058817 0.4192292
 eigenvectors
 1  -0.8306954 -0.0004616 -0.0001383 -0.0003258 -0.5567268
 2  -0.0002013 -0.7038599 -0.7064657  0.0740706  0.0010161
 3   0.0006858 -0.0530549 -0.0517001 -0.9972521 -0.0003828
 4  -0.0202590  0.7079168 -0.7053744 -0.0011189  0.0298175
 5  -0.5563579 -0.0248994  0.0260836 -0.0007288  0.8301596
 occupations
 0.219  0.000 -0.000  0.000 -0.134
 0.000  0.287 -0.119  0.000 -0.000
-0.000 -0.119  0.286  0.000  0.000
 0.000  0.000  0.000  0.171 -0.000
-0.134 -0.000  0.000 -0.000  0.329
atom    9   Tr[ns(na)]=   5.0906367
atom    9   spin  1
eigenvalues:  0.5545471 0.5906810 0.7624039 0.9024408 0.9880627
 eigenvectors
 1   0.0100413  0.7063941 -0.7075787 -0.0014903 -0.0153859
 2  -0.5424692  0.0126421 -0.0133375 -0.0010834  0.8398739
 3  -0.0028195 -0.0022902 -0.0044202  0.9999835 -0.0005669
 4   0.0025405 -0.7076997 -0.7064921 -0.0047359  0.0010680
 5  -0.8400071 -0.0018527 -0.0019669 -0.0026890 -0.5425620
 occupations
 0.871 -0.000  0.000  0.000  0.181
-0.000  0.729  0.174  0.001  0.001
 0.000  0.174  0.728  0.000 -0.000
 0.000  0.001  0.000  0.762  0.000
 0.181  0.001 -0.000  0.000  0.708
atom    9   spin  2
eigenvalues:  0.1294002 0.1671150 0.1708751 0.4058817 0.4192292
 eigenvectors
 1   0.8306954 -0.0004616 -0.0001383  0.0003258  0.5567268
 2   0.0002013 -0.7038599 -0.7064657 -0.0740706 -0.0010161
 3   0.0006858  0.0530549  0.0517001 -0.9972521 -0.0003828
 4  -0.0202590 -0.7079168  0.7053744 -0.0011189  0.0298175
 5  -0.5563579  0.0248994 -0.0260836 -0.0007288  0.8301596
 occupations
 0.219 -0.000  0.000  0.000 -0.134
-0.000  0.287 -0.119 -0.000  0.000
 0.000 -0.119  0.286 -0.000 -0.000
 0.000 -0.000 -0.000  0.171 -0.000
-0.134  0.000 -0.000 -0.000  0.329
atom   10   Tr[ns(na)]=   5.0906144
atom   10   spin  1
eigenvalues:  0.5557483 0.5891850 0.7667354 0.9003284 0.9882613
 eigenvectors
 1  -0.0000000 -0.7071068  0.7071068  0.0000000  0.0000000
 2  -0.5418569 -0.0000000 -0.0000000  0.0000000  0.8404708
 3   0.0000000 -0.0000000 -0.0000000  1.0000000 -0.0000000
 4   0.0000000 -0.7071068 -0.7071068 -0.0000000 -0.0000000
 5   0.8404708 -0.0000000 -0.0000000  0.0000000  0.5418569
 occupations
 0.871 -0.000 -0.000  0.000  0.182
-0.000  0.728  0.172  0.000  0.000
-0.000  0.172  0.728  0.000  0.000
 0.000  0.000  0.000  0.767 -0.000
 0.182  0.000  0.000 -0.000  0.706
atom   10   spin  2
eigenvalues:  0.1294024 0.1671396 0.1702966 0.4065937 0.4169237
 eigenvectors
 1   0.8300900  0.0000000  0.0000000 -0.0000000  0.5576295
 2  -0.0000000 -0.7071068 -0.7071068  0.0000000  0.0000000
 3   0.0000000 -0.0000000 -0.0000000 -1.0000000 -0.0000000
 4  -0.0000000 -0.7071068  0.7071068 -0.0000000  0.0000000
 5  -0.5576295  0.0000000 -0.0000000 -0.0000000  0.8300900
 occupations
 0.219 -0.000 -0.000  0.000 -0.133
-0.000  0.287 -0.120  0.000  0.000
-0.000 -0.120  0.287 -0.000  0.000
 0.000  0.000 -0.000  0.170 -0.000
-0.133  0.000  0.000 -0.000  0.328
atom   11   Tr[ns(na)]=   5.0912618
atom   11   spin  1
eigenvalues:  0.5559181 0.5883677 0.7590484 0.9055959 0.9882552
 eigenvectors
 1   0.0000000  0.7071067 -0.7071067 -0.0003472 -0.0000000
 2  -0.5432945 -0.0051050 -0.0051050  0.0000000  0.8395111
 3   0.0000000  0.0002455 -0.0002455  0.9999999 -0.0000000
 4   0.0045403 -0.7070882 -0.7070882 -0.0000000 -0.0056613
 5   0.8395299  0.0005203  0.0005203  0.0000000  0.5433130
 occupations
 0.870 -0.001 -0.001  0.000  0.182
-0.001  0.731  0.175  0.000  0.001
-0.001  0.175  0.731 -0.000  0.001
 0.000  0.000 -0.000  0.759 -0.000
 0.182  0.001  0.001 -0.000  0.706
atom   11   spin  2
eigenvalues:  0.1296328 0.1666366 0.1716424 0.4070486 0.4191160
 eigenvectors
 1   0.8308012  0.0008987  0.0008987 -0.0000000  0.5565678
 2   0.0024296 -0.7071041 -0.7071041  0.0000000 -0.0013432
 3   0.0000000 -0.0000295  0.0000295 -1.0000000 -0.0000000
 4  -0.0000000 -0.7071068  0.7071068  0.0000417  0.0000000
 5  -0.5565639 -0.0017453 -0.0017453 -0.0000000  0.8308011
 occupations
 0.219  0.000  0.000  0.000 -0.134
 0.000  0.287 -0.120 -0.000 -0.000
 0.000 -0.120  0.287  0.000 -0.000
 0.000 -0.000  0.000  0.172 -0.000
-0.134 -0.000 -0.000 -0.000  0.329
atom   12   Tr[ns(na)]=   5.0912618
atom   12   spin  1
eigenvalues:  0.5559181 0.5883677 0.7590484 0.9055959 0.9882552
 eigenvectors
 1   0.0000000  0.7071067 -0.7071067  0.0003472 -0.0000000
 2  -0.5432945  0.0051050  0.0051050  0.0000000  0.8395111
 3   0.0000000 -0.0002455  0.0002455  0.9999999 -0.0000000
 4  -0.0045403 -0.7070882 -0.7070882 -0.0000000  0.0056613
 5   0.8395299 -0.0005203 -0.0005203  0.0000000  0.5433130
 occupations
 0.870  0.001  0.001  0.000  0.182
 0.001  0.731  0.175 -0.000 -0.001
 0.001  0.175  0.731  0.000 -0.001
 0.000 -0.000  0.000  0.759 -0.000
 0.182 -0.001 -0.001 -0.000  0.706
atom   12   spin  2
eigenvalues:  0.1296328 0.1666366 0.1716424 0.4070486 0.4191160
 eigenvectors
 1   0.8308012 -0.0008987 -0.0008987 -0.0000000  0.5565678
 2  -0.0024296 -0.7071041 -0.7071041  0.0000000  0.0013432
 3   0.0000000  0.0000295 -0.0000295 -1.0000000 -0.0000000
 4  -0.0000000 -0.7071068  0.7071068 -0.0000417  0.0000000
 5  -0.5565639  0.0017453  0.0017453 -0.0000000  0.8308011
 occupations
 0.219 -0.000 -0.000  0.000 -0.134
-0.000  0.287 -0.120  0.000  0.000
-0.000 -0.120  0.287 -0.000  0.000
 0.000  0.000 -0.000  0.172 -0.000
-0.134  0.000  0.000 -0.000  0.329
atom   13   Tr[ns(na)]=   5.0497599
atom   13   spin  1
eigenvalues:  0.5104727 0.5866009 0.8072019 0.9395345 0.9904585
 eigenvectors
 1   0.2011249 -0.6588397 -0.6588397  0.0000000  0.3023398
 2   0.5057700  0.2567495  0.2567495  0.0000000  0.7825318
 3   0.0000000 -0.1792679  0.1792679 -0.9673293 -0.0000000
 4   0.0000000  0.6840051 -0.6840051 -0.2535231 -0.0000000
 5   0.8388954  0.0031623  0.0031623  0.0000000 -0.5442743
 occupations
 0.868  0.011  0.011  0.000 -0.189
 0.011  0.726 -0.205 -0.023  0.014
 0.011 -0.205  0.726  0.023  0.014
 0.000 -0.023  0.023  0.816 -0.000
-0.189  0.014  0.014 -0.000  0.699
atom   13   spin  2
eigenvalues:  0.1182856 0.1503017 0.1703622 0.3610516 0.4154902
 eigenvectors
 1   0.8280530  0.0010199  0.0010199 -0.0000000 -0.5606480
 2   0.0000000 -0.5588819  0.5588819  0.6126190 -0.0000000
 3   0.0000000  0.4331871 -0.4331871  0.7903783 -0.0000000
 4   0.2328103 -0.6438833 -0.6438833 -0.0000000  0.3415082
 5   0.5100271  0.2922554  0.2922554 -0.0000000  0.7543514
 occupations
 0.209  0.008  0.008  0.000  0.134
 0.008  0.264  0.106  0.007  0.012
 0.008  0.106  0.264 -0.007  0.012
 0.000  0.007 -0.007  0.163 -0.000
 0.134  0.012  0.012 -0.000  0.316
atom   14   Tr[ns(na)]=   5.0915932
atom   14   spin  1
eigenvalues:  0.5532877 0.5906575 0.7709584 0.8967600 0.9878705
 eigenvectors
 1   0.0000000 -0.7071068 -0.7071068  0.0000000  0.0000000
 2   0.5437059  0.0000000  0.0000000  0.0000000  0.8392758
 3   0.0000000  0.0000000 -0.0000000 -1.0000000 -0.0000000
 4   0.0000000  0.7071068 -0.7071068  0.0000000 -0.0000000
 5  -0.8392758  0.0000000  0.0000000 -0.0000000  0.5437059
 occupations
 0.870 -0.000 -0.000  0.000 -0.181
-0.000  0.725 -0.172  0.000  0.000
-0.000 -0.172  0.725 -0.000  0.000
 0.000  0.000 -0.000  0.771 -0.000
-0.181  0.000  0.000 -0.000  0.708
atom   14   spin  2
eigenvalues:  0.1278569 0.1679086 0.1711427 0.4057617 0.4193891
 eigenvectors
 1  -0.8288089 -0.0000000 -0.0000000  0.0000000  0.5595318
 2  -0.0000000  0.7071068 -0.7071068 -0.0000000  0.0000000
 3   0.0000000  0.0000000 -0.0000000  1.0000000 -0.0000000
 4   0.0000000 -0.7071068 -0.7071068 -0.0000000  0.0000000
 5   0.5595318  0.0000000  0.0000000 -0.0000000  0.8288089
 occupations
 0.219 -0.000 -0.000  0.000  0.135
-0.000  0.287  0.119  0.000  0.000
-0.000  0.119  0.287  0.000  0.000
 0.000  0.000  0.000  0.171 -0.000
 0.135  0.000  0.000 -0.000  0.328
atom   15   Tr[ns(na)]=   5.0497599
atom   15   spin  1
eigenvalues:  0.5104727 0.5866009 0.8072019 0.9395345 0.9904585
 eigenvectors
 1   0.2011249  0.6588397  0.6588397 -0.0000000  0.3023398
 2   0.5057700 -0.2567495 -0.2567495  0.0000000  0.7825318
 3  -0.0000000 -0.1792679  0.1792679  0.9673293  0.0000000
 4   0.0000000 -0.6840051  0.6840051 -0.2535231 -0.0000000
 5  -0.8388954  0.0031623  0.0031623 -0.0000000  0.5442743
 occupations
 0.868 -0.011 -0.011  0.000 -0.189
-0.011  0.726 -0.205  0.023 -0.014
-0.011 -0.205  0.726 -0.023 -0.014
 0.000  0.023 -0.023  0.816 -0.000
-0.189 -0.014 -0.014 -0.000  0.699
atom   15   spin  2
eigenvalues:  0.1182856 0.1503017 0.1703622 0.3610516 0.4154902
 eigenvectors
 1  -0.8280530  0.0010199  0.0010199  0.0000000  0.5606480
 2   0.0000000  0.5588819 -0.5588819  0.6126190 -0.0000000
 3   0.0000000 -0.4331871  0.4331871  0.7903783 -0.0000000
 4   0.2328103  0.6438833  0.6438833  0.0000000  0.3415082
 5   0.5100271 -0.2922554 -0.2922554 -0.0000000  0.7543514
 occupations
 0.209 -0.008 -0.008  0.000  0.134
-0.008  0.264  0.106 -0.007 -0.012
-0.008  0.106  0.264  0.007 -0.012
 0.000 -0.007  0.007  0.163 -0.000
 0.134 -0.012 -0.012 -0.000  0.316
atom   16   Tr[ns(na)]=   5.0908354
atom   16   spin  1
eigenvalues:  0.5552493 0.5904633 0.7627611 0.9011807 0.9883113
 eigenvectors
 1  -0.0004805 -0.7073509 -0.7068617 -0.0004217 -0.0009222
 2   0.5423037 -0.0019376  0.0004753 -0.0016941  0.8401785
 3  -0.0015434  0.0022057 -0.0016084 -0.9999946 -0.0010142
 4   0.0014262  0.7068564 -0.7073496  0.0026935  0.0011152
 5  -0.8401798  0.0003497 -0.0004867  0.0007483  0.5423071
 occupations
 0.871  0.000 -0.000  0.000 -0.181
 0.000  0.728 -0.173  0.000  0.000
-0.000 -0.173  0.728 -0.000 -0.000
 0.000  0.000 -0.000  0.763  0.000
-0.181  0.000 -0.000  0.000  0.707
atom   16   spin  2
eigenvalues:  0.1294026 0.1671303 0.1703338 0.4064402 0.4195629
 eigenvectors
 1   0.8307515  0.0001422 -0.0000989 -0.0020683 -0.5566395
 2   0.0000155 -0.7051656  0.7045525 -0.0796705  0.0000139
 3  -0.0011186  0.0560866 -0.0565844 -0.9968184  0.0020589
 4  -0.0028256  0.7068122  0.7073832 -0.0003908 -0.0041607
 5   0.5566351  0.0035081  0.0036051  0.0010840  0.8307412
 occupations
 0.219  0.000  0.000  0.000  0.134
 0.000  0.287  0.120 -0.000  0.000
 0.000  0.120  0.287  0.000  0.000
 0.000 -0.000  0.000  0.170  0.000
 0.134  0.000  0.000  0.000  0.330
atom   17   Tr[ns(na)]=   5.0910699
atom   17   spin  1
eigenvalues:  0.5551150 0.5905885 0.7641463 0.9007882 0.9881574
 eigenvectors
 1  -0.0000000  0.7076768  0.7065363 -0.0000000 -0.0000000
 2   0.5421402  0.0000000  0.0000000  0.0002741  0.8402880
 3   0.0006179 -0.0000000  0.0000000  0.9999995 -0.0007249
 4   0.0000000  0.7065363 -0.7076768  0.0000000 -0.0000000
 5   0.8402878 -0.0000000 -0.0000000 -0.0009122 -0.5421398
 occupations
 0.871 -0.000 -0.000 -0.000 -0.181
-0.000  0.728 -0.173  0.000  0.000
-0.000 -0.173  0.728 -0.000  0.000
-0.000  0.000 -0.000  0.764  0.000
-0.181  0.000  0.000  0.000  0.707
atom   17   spin  2
eigenvalues:  0.1292903 0.1670923 0.1705048 0.4061542 0.4192331
 eigenvectors
 1  -0.8306165 -0.0000000 -0.0000000 -0.0001179  0.5568449
 2   0.0000000 -0.7072550  0.7069585  0.0000000 -0.0000000
 3  -0.0000752  0.0000000 -0.0000000  1.0000000  0.0000995
 4   0.0000000 -0.7069585 -0.7072550 -0.0000000  0.0000000
 5   0.5568449  0.0000000  0.0000000 -0.0000408  0.8306165
 occupations
 0.219 -0.000 -0.000 -0.000  0.134
-0.000  0.287  0.120  0.000  0.000
-0.000  0.120  0.287  0.000  0.000
-0.000  0.000  0.000  0.171 -0.000
 0.134  0.000  0.000 -0.000  0.329
atom   18   Tr[ns(na)]=   5.0908354
atom   18   spin  1
eigenvalues:  0.5552493 0.5904633 0.7627611 0.9011807 0.9883113
 eigenvectors
 1  -0.0004805  0.7073509  0.7068617 -0.0004217 -0.0009222
 2  -0.5423037 -0.0019376  0.0004753  0.0016941 -0.8401785
 3   0.0015434  0.0022057 -0.0016084  0.9999946  0.0010142
 4   0.0014262 -0.7068564  0.7073496  0.0026935  0.0011152
 5  -0.8401798 -0.0003497  0.0004867  0.0007483  0.5423071
 occupations
 0.871 -0.000  0.000  0.000 -0.181
-0.000  0.728 -0.173 -0.000 -0.000
 0.000 -0.173  0.728  0.000  0.000
 0.000 -0.000  0.000  0.763  0.000
-0.181 -0.000  0.000  0.000  0.707
atom   18   spin  2
eigenvalues:  0.1294026 0.1671303 0.1703338 0.4064402 0.4195629
 eigenvectors
 1   0.8307515 -0.0001422  0.0000989 -0.0020683 -0.5566395
 2   0.0000155  0.7051656 -0.7045525 -0.0796705  0.0000139
 3  -0.0011186 -0.0560866  0.0565844 -0.9968184  0.0020589
 4  -0.0028256 -0.7068122 -0.7073832 -0.0003908 -0.0041607
 5   0.5566351 -0.0035081 -0.0036051  0.0010840  0.8307412
 occupations
 0.219 -0.000 -0.000  0.000  0.134
-0.000  0.287  0.120  0.000 -0.000
-0.000  0.120  0.287 -0.000 -0.000
 0.000  0.000 -0.000  0.170  0.000
 0.134 -0.000 -0.000  0.000  0.330
atom   19   Tr[ns(na)]=   5.0908354
atom   19   spin  1
eigenvalues:  0.5552493 0.5904633 0.7627611 0.9011807 0.9883113
 eigenvectors
 1   0.0004805  0.7068617  0.7073509 -0.0004217  0.0009222
 2   0.5423037  0.0004753 -0.0019376  0.0016941  0.8401785
 3   0.0015434  0.0016084 -0.0022057 -0.9999946  0.0010142
 4   0.0014262 -0.7073496  0.7068564 -0.0026935  0.0011152
 5  -0.8401798 -0.0004867  0.0003497 -0.0007483  0.5423071
 occupations
 0.871 -0.000  0.000 -0.000 -0.181
-0.000  0.728 -0.173  0.000 -0.000
 0.000 -0.173  0.728 -0.000  0.000
-0.000  0.000 -0.000  0.763 -0.000
-0.181 -0.000  0.000 -0.000  0.707
atom   19   spin  2
eigenvalues:  0.1294026 0.1671303 0.1703338 0.4064402 0.4195629
 eigenvectors
 1  -0.8307515  0.0000989 -0.0001422 -0.0020683  0.5566395
 2  -0.0000155 -0.7045525  0.7051656 -0.0796705 -0.0000139
 3   0.0011186  0.0565844 -0.0560866 -0.9968184 -0.0020589
 4   0.0028256 -0.7073832 -0.7068122 -0.0003908  0.0041607
 5   0.5566351  0.0036051  0.0035081 -0.0010840  0.8307412
 occupations
 0.219  0.000  0.000 -0.000  0.134
 0.000  0.287  0.120 -0.000  0.000
 0.000  0.120  0.287  0.000  0.000
-0.000 -0.000  0.000  0.170 -0.000
 0.134  0.000  0.000 -0.000  0.330
atom   20   Tr[ns(na)]=   5.0910699
atom   20   spin  1
eigenvalues:  0.5551150 0.5905885 0.7641463 0.9007882 0.9881574
 eigenvectors
 1  -0.0000000  0.7065363  0.7076768 -0.0000000 -0.0000000
 2   0.5421402  0.0000000  0.0000000 -0.0002741  0.8402880
 3   0.0006179  0.0000000 -0.0000000 -0.9999995 -0.0007249
 4   0.0000000  0.7076768 -0.7065363  0.0000000 -0.0000000
 5  -0.8402878  0.0000000  0.0000000 -0.0009122  0.5421398
 occupations
 0.871 -0.000 -0.000  0.000 -0.181
-0.000  0.728 -0.173  0.000  0.000
-0.000 -0.173  0.728 -0.000  0.000
 0.000  0.000 -0.000  0.764 -0.000
-0.181  0.000  0.000 -0.000  0.707
atom   20   spin  2
eigenvalues:  0.1292903 0.1670923 0.1705048 0.4061542 0.4192331
 eigenvectors
 1   0.8306165  0.0000000  0.0000000 -0.0001179 -0.5568449
 2   0.0000000 -0.7069585  0.7072550  0.0000000 -0.0000000
 3  -0.0000752 -0.0000000  0.0000000 -1.0000000  0.0000995
 4   0.0000000 -0.7072550 -0.7069585 -0.0000000  0.0000000
 5   0.5568449  0.0000000  0.0000000  0.0000408  0.8306165
 occupations
 0.219 -0.000 -0.000  0.000  0.134
-0.000  0.287  0.120  0.000  0.000
-0.000  0.120  0.287  0.000  0.000
 0.000  0.000  0.000  0.171  0.000
 0.134  0.000  0.000  0.000  0.329
atom   21   Tr[ns(na)]=   5.0908354
atom   21   spin  1
eigenvalues:  0.5552493 0.5904633 0.7627611 0.9011807 0.9883113
 eigenvectors
 1   0.0004805 -0.7068617 -0.7073509 -0.0004217  0.0009222
 2  -0.5423037  0.0004753 -0.0019376 -0.0016941 -0.8401785
 3  -0.0015434  0.0016084 -0.0022057  0.9999946 -0.0010142
 4   0.0014262  0.7073496 -0.7068564 -0.0026935  0.0011152
 5  -0.8401798  0.0004867 -0.0003497 -0.0007483  0.5423071
 occupations
 0.871  0.000 -0.000 -0.000 -0.181
 0.000  0.728 -0.173 -0.000  0.000
-0.000 -0.173  0.728  0.000 -0.000
-0.000 -0.000  0.000  0.763 -0.000
-0.181  0.000 -0.000 -0.000  0.707
atom   21   spin  2
eigenvalues:  0.1294026 0.1671303 0.1703338 0.4064402 0.4195629
 eigenvectors
 1  -0.8307515 -0.0000989  0.0001422 -0.0020683  0.5566395
 2  -0.0000155  0.7045525 -0.7051656 -0.0796705 -0.0000139
 3   0.0011186 -0.0565844  0.0560866 -0.9968184 -0.0020589
 4   0.0028256  0.7073832  0.7068122 -0.0003908  0.0041607
 5   0.5566351 -0.0036051 -0.0035081 -0.0010840  0.8307412
 occupations
 0.219 -0.000 -0.000 -0.000  0.134
-0.000  0.287  0.120  0.000 -0.000
-0.000  0.120  0.287 -0.000 -0.000
-0.000  0.000 -0.000  0.170 -0.000
 0.134 -0.000 -0.000 -0.000  0.330
atom   22   Tr[ns(na)]=   5.0932985
atom   22   spin  1
eigenvalues:  0.5542884 0.5913277 0.7697482 0.8945645 0.9878214
 eigenvectors
 1  -0.0094692 -0.7068768 -0.7068768  0.0000000 -0.0236790
 2   0.5378982 -0.0177162 -0.0177162  0.0000000  0.8426374
 3   0.0000000 -0.0319153  0.0319153 -0.9989809 -0.0000000
 4   0.0000000  0.7063862 -0.7063862 -0.0451351 -0.0000000
 5   0.8429566  0.0033643  0.0033643  0.0000000 -0.5379605
 occupations
 0.873  0.001  0.001  0.000 -0.180
 0.001  0.724 -0.170 -0.004 -0.001
 0.001 -0.170  0.724  0.004 -0.001
 0.000 -0.004  0.004  0.770 -0.000
-0.180 -0.001 -0.001 -0.000  0.706
atom   22   spin  2
eigenvalues:  0.1290323 0.1679892 0.1715773 0.4065393 0.4204103
 eigenvectors
 1   0.8310149  0.0012219  0.0012219 -0.0000000 -0.5562474
 2  -0.0000000  0.7056623 -0.7056623 -0.0638861  0.0000000
 3   0.0000000  0.0451743 -0.0451743  0.9979572 -0.0000000
 4  -0.0013035 -0.7070972 -0.7070972 -0.0000000 -0.0050538
 5  -0.5562486  0.0034824  0.0034824  0.0000000 -0.8310014
 occupations
 0.219 -0.000 -0.000  0.000  0.135
-0.000  0.287  0.119  0.000  0.000
-0.000  0.119  0.287 -0.000  0.000
 0.000  0.000 -0.000  0.172 -0.000
 0.135  0.000  0.000 -0.000  0.330
atom   23   Tr[ns(na)]=   5.0906806
atom   23   spin  1
eigenvalues:  0.5536275 0.5888585 0.7695922 0.9018206 0.9878230
 eigenvectors
 1   0.0000000 -0.7071068 -0.7071068  0.0000000  0.0000000
 2   0.5414569  0.0000000  0.0000000  0.0000000  0.8407285
 3   0.0000000  0.0000000 -0.0000000 -1.0000000 -0.0000000
 4   0.0000000  0.7071068 -0.7071068  0.0000000 -0.0000000
 5  -0.8407285  0.0000000  0.0000000 -0.0000000  0.5414569
 occupations
 0.871 -0.000 -0.000  0.000 -0.182
-0.000  0.728 -0.174  0.000  0.000
-0.000 -0.174  0.728 -0.000  0.000
 0.000  0.000 -0.000  0.770 -0.000
-0.182  0.000  0.000 -0.000  0.706
atom   23   spin  2
eigenvalues:  0.1288419 0.1665383 0.1699537 0.4052739 0.4183510
 eigenvectors
 1  -0.8303942 -0.0000000 -0.0000000  0.0000000  0.5571764
 2  -0.0000000  0.7071068 -0.7071068 -0.0000000  0.0000000
 3   0.0000000  0.0000000 -0.0000000  1.0000000 -0.0000000
 4   0.0000000 -0.7071068 -0.7071068 -0.0000000  0.0000000
 5   0.5571764  0.0000000  0.0000000 -0.0000000  0.8303942
 occupations
 0.219 -0.000 -0.000  0.000  0.134
-0.000  0.286  0.119  0.000  0.000
-0.000  0.119  0.286  0.000  0.000
 0.000  0.000  0.000  0.170 -0.000
 0.134  0.000  0.000 -0.000  0.328
atom   24   Tr[ns(na)]=   5.0932985
atom   24   spin  1
eigenvalues:  0.5542884 0.5913277 0.7697482 0.8945645 0.9878214
 eigenvectors
 1  -0.0094692  0.7068768  0.7068768 -0.0000000 -0.0236790
 2   0.5378982  0.0177162  0.0177162  0.0000000  0.8426374
 3  -0.0000000 -0.0319153  0.0319153  0.9989809  0.0000000
 4   0.0000000 -0.7063862  0.7063862 -0.0451351 -0.0000000
 5  -0.8429566  0.0033643  0.0033643 -0.0000000  0.5379605
 occupations
 0.873 -0.001 -0.001  0.000 -0.180
-0.001  0.724 -0.170  0.004  0.001
-0.001 -0.170  0.724 -0.004  0.001
 0.000  0.004 -0.004  0.770 -0.000
-0.180  0.001  0.001 -0.000  0.706
atom   24   spin  2
eigenvalues:  0.1290323 0.1679892 0.1715773 0.4065393 0.4204103
 eigenvectors
