
     Program PWSCF v.4.3        starts on  6Sep2018 at 14:14: 8 

     This program is part of the open-source Quantum ESPRESSO suite
     for quantum simulation of materials; please cite
         "P. Giannozzi et al., J. Phys.:Condens. Matter 21 395502 (2009);
          URL http://www.quantum-espresso.org", 
     in publications or presentations arising from this work. More details at
     http://www.quantum-espresso.org/wiki/index.php/Citing_Quantum-ESPRESSO

     Parallel version (MPI), running on    64 processors
     R & G space division:  proc/pool =   64

     Current dimensions of program PWSCF are:
     Max number of different atomic species (ntypx) = **
     Max number of k-points (npk) =  40000
     Max angular momentum in pseudopotentials (lmaxx) =  3
     Waiting for input...

     Atomic positions and unit cell read from directory:
     ./v2o5.save/
     Nothing found: using input atomic positions and unit cell


     Subspace diagonalization in iterative solution of the eigenvalue problem:
     parallel, distributed-memory algorithm (size of sub-group:  5*  5 procs)

     Found symmetry operation: I + (  0.0000  0.0000  0.5000)
     This is a supercell, fractional translation are disabled
 
   Stick Mesh
   ----------
   nst = 10457,  nstw =  1035, nsts =  4177
               n.st   n.stw   n.sts    n.g    n.gw   n.gs
   min         163      16      65    9923     312    2501
   max         164      17      66    9926     317    2526
      10457    1035    4177  635163   20075  160693
 


     bravais-lattice index     =           14
     lattice parameter (a_0)   =      21.7375  a.u.
     unit-cell volume          =    7238.1051 (a.u.)^3
     number of atoms/cell      =           84
     number of atomic types    =            2
     number of electrons       =       672.00
     number of Kohn-Sham states=          806
     kinetic-energy cutoff     =      30.0000  Ry
     charge density cutoff     =     300.0000  Ry
     Exchange-correlation      = SLA  PW   PBE  PBE (1434)
     EXX-fraction              =        0.00

     celldm(1)=  21.737520  celldm(2)=   0.927671  celldm(3)=   0.759628
     celldm(4)=   0.000000  celldm(5)=   0.000000  celldm(6)=   0.000000

     crystal axes: (cart. coord. in units of a_0)
               a(1) = (   1.000000   0.000000   0.000000 )  
               a(2) = (   0.000000   0.927671   0.000000 )  
               a(3) = (   0.000000   0.000000   0.759628 )  

     reciprocal axes: (cart. coord. in units 2 pi/a_0)
               b(1) = (  1.000000  0.000000  0.000000 )  
               b(2) = (  0.000000  1.077968  0.000000 )  
               b(3) = (  0.000000  0.000000  1.316434 )  


     PseudoPot. # 1 for O  read from file O.pbe-van_bm.UPF
     MD5 check sum: ca2828d9fb1f294809e918903b7648d1
     Pseudo is Ultrasoft, Zval =  6.0
     Generated by new atomic code, or converted to UPF format
     Using radial grid of  737 points,  4 beta functions with: 
                l(1) =   0
                l(2) =   0
                l(3) =   1
                l(4) =   1
     Q(r) pseudized with  8 coefficients,  rinner =    0.800   0.800   0.800


     PseudoPot. # 2 for V  read from file V.pbe-van-yufengl.UPF
     MD5 check sum: 105a573f738f0b837c178d5a4207921b
     Pseudo is Ultrasoft + core correction, Zval = 13.0
     Generated by new atomic code, or converted to UPF format
     Using radial grid of  853 points,  6 beta functions with: 
                l(1) =   0
                l(2) =   0
                l(3) =   1
                l(4) =   1
                l(5) =   2
                l(6) =   2
     Q(r) pseudized with  6 coefficients,  rinner =    1.000   1.000   1.000
                                                       1.000   1.000

     atomic species   valence    mass     pseudopotential
        O              6.00    15.99900     O ( 1.00)
        V             13.00    50.94000     V ( 1.00)

     Starting magnetic structure 
     atomic species   magnetization
        O            0.000
        V            0.010

     LDA+U calculation, Hubbard_lmax = 2
     atomic species  L   Hubbard U  Hubbard alpha
        V            2    0.227846    0.000000

      4 Sym.Ops. (no inversion)


   Cartesian axes

     site n.     atom                  positions (a_0 units)
         1           V   tau(  1) = (   0.1483269   0.0000000   0.3388149  )
         2           V   tau(  2) = (   0.1483269   0.0000000   0.7186289  )
         3           V   tau(  3) = (   0.1483269   0.3092237   0.3388149  )
         4           V   tau(  4) = (   0.1483269   0.3092237   0.7186289  )
         5           V   tau(  5) = (   0.1483269   0.6184474   0.3388149  )
         6           V   tau(  6) = (   0.1483269   0.6184474   0.7186289  )
         7           V   tau(  7) = (   0.3516731   0.1546118   0.0409986  )
         8           V   tau(  8) = (   0.3516731   0.1546118   0.4208125  )
         9           V   tau(  9) = (   0.3516731   0.4638355   0.0409986  )
        10           V   tau( 10) = (   0.3516731   0.4638355   0.4208125  )
        11           V   tau( 11) = (   0.3516731   0.7730592   0.0409986  )
        12           V   tau( 12) = (   0.3516731   0.7730592   0.4208125  )
        13           V   tau( 13) = (   0.6483270   0.1546118   0.0409980  )
        14           V   tau( 14) = (   0.6483270   0.1546118   0.4208119  )
        15           V   tau( 15) = (   0.6483270   0.4638355   0.0409980  )
        16           V   tau( 16) = (   0.6483270   0.4638355   0.4208119  )
        17           V   tau( 17) = (   0.6483270   0.7730592   0.0409980  )
        18           V   tau( 18) = (   0.6483270   0.7730592   0.4208119  )
        19           V   tau( 19) = (   0.8516731   0.0000000   0.3388154  )
        20           V   tau( 20) = (   0.8516731   0.0000000   0.7186293  )
        21           V   tau( 21) = (   0.8516731   0.3092237   0.3388154  )
        22           V   tau( 22) = (   0.8516731   0.3092237   0.7186293  )
        23           V   tau( 23) = (   0.8516731   0.6184474   0.3388154  )
        24           V   tau( 24) = (   0.8516731   0.6184474   0.7186293  )
        25           O   tau( 25) = (   0.1813361   0.1546118   0.3796345  )
        26           O   tau( 26) = (   0.1813361   0.1546118   0.7594484  )
        27           O   tau( 27) = (   0.1813361   0.4638355   0.3796345  )
        28           O   tau( 28) = (   0.1813361   0.4638355   0.7594484  )
        29           O   tau( 29) = (   0.1813361   0.7730592   0.3796345  )
        30           O   tau( 30) = (   0.1813361   0.7730592   0.7594484  )
        31           O   tau( 31) = (   0.3186639   0.0000000   0.0001795  )
        32           O   tau( 32) = (   0.3186639   0.0000000   0.3799935  )
        33           O   tau( 33) = (   0.3186639   0.3092237   0.0001795  )
        34           O   tau( 34) = (   0.3186639   0.3092237   0.3799935  )
        35           O   tau( 35) = (   0.3186639   0.6184474   0.0001795  )
        36           O   tau( 36) = (   0.3186639   0.6184474   0.3799935  )
        37           O   tau( 37) = (   0.6813362   0.0000000   0.0001795  )
        38           O   tau( 38) = (   0.6813362   0.0000000   0.3799935  )
        39           O   tau( 39) = (   0.6813362   0.3092237   0.0001795  )
        40           O   tau( 40) = (   0.6813362   0.3092237   0.3799935  )
        41           O   tau( 41) = (   0.6813362   0.6184474   0.0001795  )
        42           O   tau( 42) = (   0.6813362   0.6184474   0.3799935  )
        43           O   tau( 43) = (   0.8186639   0.1546118   0.3796345  )
        44           O   tau( 44) = (   0.8186639   0.1546118   0.7594485  )
        45           O   tau( 45) = (   0.8186639   0.4638355   0.3796345  )
        46           O   tau( 46) = (   0.8186639   0.4638355   0.7594485  )
        47           O   tau( 47) = (   0.8186639   0.7730592   0.3796345  )
        48           O   tau( 48) = (   0.8186639   0.7730592   0.7594485  )
        49           O   tau( 49) = (   0.8552736   0.0000000   0.2004983  )
        50           O   tau( 50) = (   0.8552736   0.0000000   0.5803123  )
        51           O   tau( 51) = (   0.8552736   0.3092237   0.2004983  )
        52           O   tau( 52) = (   0.8552736   0.3092237   0.5803123  )
        53           O   tau( 53) = (   0.8552736   0.6184474   0.2004983  )
        54           O   tau( 54) = (   0.8552736   0.6184474   0.5803123  )
        55           O   tau( 55) = (   0.6447264   0.1546118   0.1793162  )
        56           O   tau( 56) = (   0.6447264   0.1546118   0.5591301  )
        57           O   tau( 57) = (   0.6447264   0.4638355   0.1793162  )
        58           O   tau( 58) = (   0.6447264   0.4638355   0.5591301  )
        59           O   tau( 59) = (   0.6447264   0.7730592   0.1793162  )
        60           O   tau( 60) = (   0.6447264   0.7730592   0.5591301  )
        61           O   tau( 61) = (   0.3552736   0.1546118   0.1793157  )
        62           O   tau( 62) = (   0.3552736   0.1546118   0.5591297  )
        63           O   tau( 63) = (   0.3552736   0.4638355   0.1793157  )
        64           O   tau( 64) = (   0.3552736   0.4638355   0.5591297  )
        65           O   tau( 65) = (   0.3552736   0.7730592   0.1793157  )
        66           O   tau( 66) = (   0.3552736   0.7730592   0.5591297  )
        67           O   tau( 67) = (   0.5000000   0.1546118   0.3788864  )
        68           O   tau( 68) = (   0.5000000   0.1546118   0.7587004  )
        69           O   tau( 69) = (   0.5000000   0.4638355   0.3788864  )
        70           O   tau( 70) = (   0.5000000   0.4638355   0.7587004  )
        71           O   tau( 71) = (   0.5000000   0.7730592   0.3788864  )
        72           O   tau( 72) = (   0.5000000   0.7730592   0.7587004  )
        73           O   tau( 73) = (  -0.0000000   0.0000000   0.0009276  )
        74           O   tau( 74) = (  -0.0000000   0.0000000   0.3807415  )
        75           O   tau( 75) = (  -0.0000000   0.3092237   0.0009276  )
        76           O   tau( 76) = (  -0.0000000   0.3092237   0.3807415  )
        77           O   tau( 77) = (  -0.0000000   0.6184474   0.0009276  )
        78           O   tau( 78) = (  -0.0000000   0.6184474   0.3807415  )
        79           O   tau( 79) = (   0.1447264   0.0000000   0.2004987  )
        80           O   tau( 80) = (   0.1447264   0.0000000   0.5803126  )
        81           O   tau( 81) = (   0.1447264   0.3092237   0.2004987  )
        82           O   tau( 82) = (   0.1447264   0.3092237   0.5803126  )
        83           O   tau( 83) = (   0.1447264   0.6184474   0.2004987  )
        84           O   tau( 84) = (   0.1447264   0.6184474   0.5803126  )

     number of k points=     2  Fermi-Dirac smearing, width (Ry)=  0.0019
                       cart. coord. in units 2pi/a_0
        k(    1) = (   0.0000000   0.0000000   0.0000000), wk =   1.0000000
        k(    2) = (   0.0000000   0.0000000   0.0000000), wk =   1.0000000

     G cutoff = 3590.7196  ( 635163 G-vectors)     FFT grid: (120,120, 96)
     G cutoff = 1436.2879  ( 160693 G-vectors)  smooth grid: ( 75, 72, 60)

     Largest allocated arrays     est. size (Mb)     dimensions
        Kohn-Sham Wavefunctions         3.86 Mb     (    314, 806)
        Atomic wavefunctions            2.30 Mb     (    314, 480)
        NL pseudopotentials             4.37 Mb     (    314, 912)
        Each V/rho on FFT grid          0.88 Mb     (  28800,   2)
        Each G-vector array             0.08 Mb     (   9926)
        G-vector shells                 0.04 Mb     (   4971)
     Largest temporary arrays     est. size (Mb)     dimensions
        Auxiliary wavefunctions        15.45 Mb     (    314,3224)
        Each subspace H/S matrix      158.60 Mb     (   3224,3224)
        Each <psi_i|beta_j> matrix     11.22 Mb     (    912, 806)

     Check: negative/imaginary core charge=   -0.000004    0.000000

     The potential is recalculated from file :
     ./v2o5.save/charge-density.dat


     negative rho (up, down):  0.119E-01 0.119E-01

     Parameters of the lda+U calculation:
     Number of iteration with fixed ns =  0
     Starting ns and Hubbard U :
 enter write_ns
U( 1) =  0.0000      U( 2) =  3.1000
alpha( 1) =  0.0000      alpha( 2) =  0.0000
atom    1   Tr[ns(na)]=   4.6475128
atom    1   spin  1
eigenvalues:  0.3173955 0.4747092 0.4780751 0.5021629 0.5514353
 eigenvectors
 1  -0.0000000 -0.0000000  0.0242115  0.0000000  0.9997069
 2   0.0000000 -0.0000000 -0.9997069  0.0000000  0.0242115
 3   0.0472234 -0.9167140  0.0000000  0.3967435 -0.0000000
 4   0.0788503  0.3993683  0.0000000  0.9133934 -0.0000000
 5  -0.9957673 -0.0118502  0.0000000  0.0911427 -0.0000000
 occupations
 0.551  0.002 -0.000 -0.005  0.000
 0.002  0.482 -0.000  0.009  0.000
-0.000 -0.000  0.475  0.000 -0.004
-0.005  0.009  0.000  0.499 -0.000
 0.000  0.000 -0.004 -0.000  0.317
atom    1   spin  2
eigenvalues:  0.3174003 0.4746902 0.4780605 0.5021568 0.5514270
 eigenvectors
 1  -0.0000000 -0.0000000  0.0242134  0.0000000  0.9997068
 2   0.0000000 -0.0000000 -0.9997068  0.0000000  0.0242134
 3   0.0471892 -0.9168088  0.0000000  0.3965285 -0.0000000
 4   0.0788625  0.3991511 -0.0000000  0.9134873 -0.0000000
 5  -0.9957680 -0.0118355  0.0000000  0.0911375 -0.0000000
 occupations
 0.551  0.002 -0.000 -0.005  0.000
 0.002  0.482 -0.000  0.009  0.000
-0.000 -0.000  0.475  0.000 -0.004
-0.005  0.009  0.000  0.499 -0.000
 0.000  0.000 -0.004 -0.000  0.317
atom    2   Tr[ns(na)]=   4.6475136
atom    2   spin  1
eigenvalues:  0.3173953 0.4747093 0.4780748 0.5021630 0.5514353
 eigenvectors
 1  -0.0000000 -0.0000000  0.0242111  0.0000000  0.9997069
 2   0.0000000 -0.0000000 -0.9997069  0.0000000  0.0242111
 3   0.0472233 -0.9167174  0.0000000  0.3967356 -0.0000000
 4   0.0788540  0.3993604  0.0000000  0.9133966 -0.0000000
 5  -0.9957670 -0.0118494  0.0000000  0.0911460 -0.0000000
 occupations
 0.551  0.002 -0.000 -0.005  0.000
 0.002  0.482 -0.000  0.009  0.000
-0.000 -0.000  0.475  0.000 -0.004
-0.005  0.009  0.000  0.499 -0.000
 0.000  0.000 -0.004 -0.000  0.317
atom    2   spin  2
eigenvalues:  0.3174006 0.4746898 0.4780611 0.5021572 0.5514272
 eigenvectors
 1  -0.0000000 -0.0000000  0.0242136  0.0000000  0.9997068
 2   0.0000000 -0.0000000 -0.9997068  0.0000000  0.0242136
 3   0.0471903 -0.9168071  0.0000000  0.3965322 -0.0000000
 4   0.0788647  0.3991549 -0.0000000  0.9134855 -0.0000000
 5  -0.9957678 -0.0118352  0.0000000  0.0911400 -0.0000000
 occupations
 0.551  0.002 -0.000 -0.005  0.000
 0.002  0.482 -0.000  0.009  0.000
-0.000 -0.000  0.475  0.000 -0.004
-0.005  0.009  0.000  0.499 -0.000
 0.000  0.000 -0.004 -0.000  0.317
atom    3   Tr[ns(na)]=   4.6475126
atom    3   spin  1
eigenvalues:  0.3173954 0.4747087 0.4780756 0.5021628 0.5514353
 eigenvectors
 1   0.0000002 -0.0000000  0.0242115 -0.0000000  0.9997069
 2   0.0000027 -0.0000610  0.9997069  0.0000237 -0.0242115
 3   0.0472253 -0.9167099 -0.0000655  0.3967528  0.0000016
 4   0.0788520  0.3993777  0.0000025  0.9133892 -0.0000001
 5   0.9957671  0.0118503  0.0000002 -0.0911451 -0.0000002
 occupations
 0.551  0.002  0.000 -0.005 -0.000
 0.002  0.482  0.000  0.009 -0.000
 0.000  0.000  0.475 -0.000 -0.004
-0.005  0.009 -0.000  0.499  0.000
-0.000 -0.000 -0.004  0.000  0.317
atom    3   spin  2
eigenvalues:  0.3174003 0.4746900 0.4780606 0.5021567 0.5514270
 eigenvectors
 1   0.0000003  0.0000003  0.0242131  0.0000000  0.9997068
 2   0.0000005  0.0000024 -0.9997068 -0.0000005  0.0242131
 3  -0.0471914  0.9168068  0.0000024 -0.3965328 -0.0000003
 4  -0.0788642 -0.3991556 -0.0000005 -0.9134852  0.0000002
 5  -0.9957678 -0.0118364 -0.0000005  0.0911399  0.0000003
 occupations
 0.551  0.002  0.000 -0.005 -0.000
 0.002  0.482  0.000  0.009 -0.000
 0.000  0.000  0.475  0.000 -0.004
-0.005  0.009  0.000  0.499 -0.000
-0.000 -0.000 -0.004 -0.000  0.317
atom    4   Tr[ns(na)]=   4.6475134
atom    4   spin  1
eigenvalues:  0.3173954 0.4747080 0.4780756 0.5021631 0.5514355
 eigenvectors
 1   0.0000006 -0.0000002  0.0242109  0.0000001  0.9997069
 2  -0.0000052  0.0001273 -0.9997069 -0.0000473  0.0242109
 3  -0.0472277  0.9167098  0.0001357 -0.3967527 -0.0000031
 4   0.0788557  0.3993780  0.0000073  0.9133888 -0.0000002
 5   0.9957667  0.0118510  0.0000006 -0.0911494 -0.0000006
 occupations
 0.551  0.002  0.000 -0.005 -0.000
 0.002  0.482  0.000  0.009  0.000
 0.000  0.000  0.475 -0.000 -0.004
-0.005  0.009 -0.000  0.499 -0.000
-0.000  0.000 -0.004 -0.000  0.317
atom    4   spin  2
eigenvalues:  0.3174006 0.4746898 0.4780609 0.5021571 0.5514274
 eigenvectors
 1   0.0000008  0.0000004  0.0242128  0.0000001  0.9997068
 2   0.0000023 -0.0000118 -0.9997068  0.0000085  0.0242128
 3  -0.0471937  0.9168053 -0.0000143 -0.3965359  0.0000001
 4   0.0788679  0.3991589  0.0000032  0.9134834 -0.0000004
 5   0.9957673  0.0118367  0.0000014 -0.0911443 -0.0000008
 occupations
 0.551  0.002  0.000 -0.005 -0.000
 0.002  0.482 -0.000  0.009 -0.000
 0.000 -0.000  0.475  0.000 -0.004
-0.005  0.009  0.000  0.499 -0.000
-0.000 -0.000 -0.004 -0.000  0.317
atom    5   Tr[ns(na)]=   4.6475126
atom    5   spin  1
eigenvalues:  0.3173954 0.4747087 0.4780756 0.5021628 0.5514353
 eigenvectors
 1  -0.0000002  0.0000000  0.0242115  0.0000000  0.9997069
 2   0.0000027 -0.0000610 -0.9997069  0.0000237  0.0242115
 3  -0.0472253  0.9167099 -0.0000655 -0.3967528  0.0000016
 4   0.0788520  0.3993777 -0.0000025  0.9133892  0.0000001
 5   0.9957671  0.0118503 -0.0000002 -0.0911451  0.0000002
 occupations
 0.551  0.002 -0.000 -0.005  0.000
 0.002  0.482 -0.000  0.009  0.000
-0.000 -0.000  0.475  0.000 -0.004
-0.005  0.009  0.000  0.499 -0.000
 0.000  0.000 -0.004 -0.000  0.317
atom    5   spin  2
eigenvalues:  0.3174003 0.4746900 0.4780606 0.5021567 0.5514270
 eigenvectors
 1  -0.0000003 -0.0000003  0.0242131 -0.0000000  0.9997068
 2   0.0000005  0.0000024  0.9997068 -0.0000005 -0.0242131
 3   0.0471914 -0.9168068  0.0000024  0.3965328 -0.0000003
 4  -0.0788642 -0.3991556  0.0000005 -0.9134852 -0.0000002
 5  -0.9957678 -0.0118364  0.0000005  0.0911399 -0.0000003
 occupations
 0.551  0.002 -0.000 -0.005  0.000
 0.002  0.482 -0.000  0.009  0.000
-0.000 -0.000  0.475 -0.000 -0.004
-0.005  0.009 -0.000  0.499  0.000
 0.000  0.000 -0.004  0.000  0.317
atom    6   Tr[ns(na)]=   4.6475134
atom    6   spin  1
eigenvalues:  0.3173954 0.4747080 0.4780756 0.5021631 0.5514355
 eigenvectors
 1  -0.0000006  0.0000002  0.0242109 -0.0000001  0.9997069
 2  -0.0000052  0.0001273  0.9997069 -0.0000473 -0.0242109
 3   0.0472277 -0.9167098  0.0001357  0.3967527 -0.0000031
 4   0.0788557  0.3993780 -0.0000073  0.9133888  0.0000002
 5   0.9957667  0.0118510 -0.0000006 -0.0911494  0.0000006
 occupations
 0.551  0.002 -0.000 -0.005  0.000
 0.002  0.482 -0.000  0.009 -0.000
-0.000 -0.000  0.475  0.000 -0.004
-0.005  0.009  0.000  0.499  0.000
 0.000 -0.000 -0.004  0.000  0.317
atom    6   spin  2
eigenvalues:  0.3174006 0.4746898 0.4780609 0.5021571 0.5514274
 eigenvectors
 1  -0.0000008 -0.0000004  0.0242128 -0.0000001  0.9997068
 2   0.0000023 -0.0000118  0.9997068  0.0000085 -0.0242128
 3   0.0471937 -0.9168053 -0.0000143  0.3965359  0.0000001
 4   0.0788679  0.3991589 -0.0000032  0.9134834  0.0000004
 5   0.9957673  0.0118367 -0.0000014 -0.0911443  0.0000008
 occupations
 0.551  0.002 -0.000 -0.005  0.000
 0.002  0.482  0.000  0.009  0.000
-0.000  0.000  0.475 -0.000 -0.004
-0.005  0.009 -0.000  0.499  0.000
 0.000  0.000 -0.004  0.000  0.317
atom    7   Tr[ns(na)]=   4.6475073
atom    7   spin  1
eigenvalues:  0.3173966 0.4747072 0.4780744 0.5021635 0.5514331
 eigenvectors
 1  -0.0000004  0.0000001  0.0242088 -0.0000001  0.9997069
 2  -0.0000013  0.0000301  0.9997069 -0.0000115 -0.0242088
 3   0.0472282 -0.9167331  0.0000322  0.3966987 -0.0000007
 4   0.0788590  0.3993242 -0.0000014  0.9134120  0.0000001
 5   0.9957664  0.0118555 -0.0000001 -0.0911520  0.0000003
 occupations
 0.551  0.002 -0.000 -0.005  0.000
 0.002  0.482 -0.000  0.009 -0.000
-0.000 -0.000  0.475  0.000 -0.004
-0.005  0.009  0.000  0.499  0.000
 0.000 -0.000 -0.004  0.000  0.317
atom    7   spin  2
eigenvalues:  0.3174020 0.4746881 0.4780599 0.5021575 0.5514250
 eigenvectors
 1  -0.0000004 -0.0000000  0.0242112 -0.0000001  0.9997069
 2   0.0000008  0.0000071  0.9997069 -0.0000001 -0.0242112
 3   0.0471949 -0.9168270  0.0000065  0.3964857 -0.0000001
 4  -0.0788706 -0.3991090  0.0000028 -0.9135050 -0.0000002
 5  -0.9957671 -0.0118418  0.0000009  0.0911466 -0.0000004
 occupations
 0.551  0.002 -0.000 -0.005  0.000
 0.002  0.482 -0.000  0.009  0.000
-0.000 -0.000  0.475 -0.000 -0.004
-0.005  0.009 -0.000  0.499  0.000
 0.000  0.000 -0.004  0.000  0.317
atom    8   Tr[ns(na)]=   4.6475067
atom    8   spin  1
eigenvalues:  0.3173966 0.4747072 0.4780746 0.5021633 0.5514330
 eigenvectors
 1   0.0000001 -0.0000000  0.0242095 -0.0000000  0.9997069
 2   0.0000000 -0.0000052  0.9997069  0.0000013 -0.0242095
 3   0.0472269 -0.9167317 -0.0000052  0.3967023  0.0000001
 4  -0.0788551 -0.3993276 -0.0000009 -0.9134108  0.0000000
 5  -0.9957668 -0.0118556 -0.0000002  0.0911479  0.0000001
 occupations
 0.551  0.002  0.000 -0.005 -0.000
 0.002  0.482  0.000  0.009  0.000
 0.000  0.000  0.475  0.000 -0.004
-0.005  0.009  0.000  0.499  0.000
-0.000  0.000 -0.004  0.000  0.317
atom    8   spin  2
eigenvalues:  0.3174017 0.4746885 0.4780595 0.5021573 0.5514248
 eigenvectors
 1  -0.0000000  0.0000000  0.0242113 -0.0000001  0.9997069
 2   0.0000009 -0.0000235  0.9997069  0.0000087 -0.0242113
 3  -0.0471932  0.9168289  0.0000250 -0.3964816 -0.0000007
 4   0.0788678  0.3991048  0.0000013  0.9135071  0.0000001
 5  -0.9957674 -0.0118416 -0.0000002  0.0911433 -0.0000000
 occupations
 0.551  0.002  0.000 -0.005  0.000
 0.002  0.482  0.000  0.009 -0.000
 0.000  0.000  0.475 -0.000 -0.004
-0.005  0.009 -0.000  0.499  0.000
 0.000 -0.000 -0.004  0.000  0.317
atom    9   Tr[ns(na)]=   4.6475070
atom    9   spin  1
eigenvalues:  0.3173967 0.4747062 0.4780750 0.5021636 0.5514332
 eigenvectors
 1  -0.0000000 -0.0000000  0.0242089  0.0000000  0.9997069
 2   0.0000000 -0.0000000 -0.9997069  0.0000000  0.0242089
 3   0.0472317 -0.9167280  0.0000000  0.3967100 -0.0000000
 4   0.0788605  0.3993358 -0.0000000  0.9134068 -0.0000000
 5  -0.9957661 -0.0118570  0.0000000  0.0911549 -0.0000000
 occupations
 0.551  0.002 -0.000 -0.005  0.000
 0.002  0.482 -0.000  0.009  0.000
-0.000 -0.000  0.475  0.000 -0.004
-0.005  0.009  0.000  0.499 -0.000
 0.000  0.000 -0.004 -0.000  0.317
atom    9   spin  2
eigenvalues:  0.3174019 0.4746883 0.4780597 0.5021574 0.5514251
 eigenvectors
 1  -0.0000000 -0.0000000  0.0242105  0.0000000  0.9997069
 2   0.0000000 -0.0000000 -0.9997069  0.0000000  0.0242105
 3   0.0471962 -0.9168266  0.0000000  0.3964864 -0.0000000
 4   0.0788735  0.3991099 -0.0000000  0.9135044 -0.0000000
 5  -0.9957668 -0.0118416  0.0000000  0.0911498 -0.0000000
 occupations
 0.551  0.002 -0.000 -0.005  0.000
 0.002  0.482 -0.000  0.009  0.000
-0.000 -0.000  0.475  0.000 -0.004
-0.005  0.009  0.000  0.499 -0.000
 0.000  0.000 -0.004 -0.000  0.317
atom   10   Tr[ns(na)]=   4.6475062
atom   10   spin  1
eigenvalues:  0.3173966 0.4747068 0.4780750 0.5021633 0.5514330
 eigenvectors
 1  -0.0000000 -0.0000000  0.0242098  0.0000000  0.9997069
 2   0.0000000 -0.0000000 -0.9997069  0.0000000  0.0242098
 3   0.0472280 -0.9167296  0.0000000  0.3967069 -0.0000000
 4   0.0788562  0.3993323  0.0000000  0.9134087 -0.0000000
 5  -0.9957666 -0.0118557  0.0000000  0.0911495 -0.0000000
 occupations
 0.551  0.002 -0.000 -0.005  0.000
 0.002  0.482 -0.000  0.009  0.000
-0.000 -0.000  0.475  0.000 -0.004
-0.005  0.009  0.000  0.499 -0.000
 0.000  0.000 -0.004 -0.000  0.317
atom   10   spin  2
eigenvalues:  0.3174017 0.4746885 0.4780595 0.5021571 0.5514247
 eigenvectors
 1  -0.0000000 -0.0000000  0.0242111  0.0000000  0.9997069
 2   0.0000000 -0.0000000 -0.9997069  0.0000000  0.0242111
 3   0.0471932 -0.9168289  0.0000000  0.3964815 -0.0000000
 4   0.0788699  0.3991047 -0.0000000  0.9135070 -0.0000000
 5  -0.9957672 -0.0118409  0.0000000  0.0911452 -0.0000000
 occupations
 0.551  0.002 -0.000 -0.005  0.000
 0.002  0.482 -0.000  0.009  0.000
-0.000 -0.000  0.475  0.000 -0.004
-0.005  0.009  0.000  0.499 -0.000
 0.000  0.000 -0.004 -0.000  0.317
atom   11   Tr[ns(na)]=   4.6475073
atom   11   spin  1
eigenvalues:  0.3173966 0.4747072 0.4780744 0.5021635 0.5514331
 eigenvectors
 1   0.0000004 -0.0000001  0.0242088  0.0000001  0.9997069
 2  -0.0000013  0.0000301 -0.9997069 -0.0000115  0.0242088
 3  -0.0472282  0.9167331  0.0000322 -0.3966987 -0.0000007
 4   0.0788590  0.3993242  0.0000014  0.9134120 -0.0000001
 5   0.9957664  0.0118555  0.0000001 -0.0911520 -0.0000003
 occupations
 0.551  0.002  0.000 -0.005 -0.000
 0.002  0.482  0.000  0.009  0.000
 0.000  0.000  0.475 -0.000 -0.004
-0.005  0.009 -0.000  0.499 -0.000
-0.000  0.000 -0.004 -0.000  0.317
atom   11   spin  2
eigenvalues:  0.3174020 0.4746881 0.4780599 0.5021575 0.5514250
 eigenvectors
 1   0.0000004  0.0000000  0.0242112  0.0000001  0.9997069
 2   0.0000008  0.0000071 -0.9997069 -0.0000001  0.0242112
 3   0.0471949 -0.9168270 -0.0000065  0.3964857  0.0000001
 4  -0.0788706 -0.3991090 -0.0000028 -0.9135050  0.0000002
 5   0.9957671  0.0118418  0.0000009 -0.0911466 -0.0000004
 occupations
 0.551  0.002  0.000 -0.005 -0.000
 0.002  0.482  0.000  0.009 -0.000
 0.000  0.000  0.475  0.000 -0.004
-0.005  0.009  0.000  0.499 -0.000
-0.000 -0.000 -0.004 -0.000  0.317
atom   12   Tr[ns(na)]=   4.6475067
atom   12   spin  1
eigenvalues:  0.3173966 0.4747072 0.4780746 0.5021633 0.5514330
 eigenvectors
 1  -0.0000001  0.0000000  0.0242095  0.0000000  0.9997069
 2   0.0000000 -0.0000052 -0.9997069  0.0000013  0.0242095
 3  -0.0472269  0.9167317 -0.0000052 -0.3967023  0.0000001
 4  -0.0788551 -0.3993276  0.0000009 -0.9134108 -0.0000000
 5  -0.9957668 -0.0118556  0.0000002  0.0911479 -0.0000001
 occupations
 0.551  0.002 -0.000 -0.005  0.000
 0.002  0.482 -0.000  0.009 -0.000
-0.000 -0.000  0.475 -0.000 -0.004
-0.005  0.009 -0.000  0.499 -0.000
 0.000 -0.000 -0.004 -0.000  0.317
atom   12   spin  2
eigenvalues:  0.3174017 0.4746885 0.4780595 0.5021573 0.5514248
 eigenvectors
 1   0.0000000 -0.0000000  0.0242113  0.0000001  0.9997069
 2   0.0000009 -0.0000235 -0.9997069  0.0000087  0.0242113
 3   0.0471932 -0.9168289  0.0000250  0.3964816 -0.0000007
 4   0.0788678  0.3991048 -0.0000013  0.9135071 -0.0000001
 5  -0.9957674 -0.0118416  0.0000002  0.0911433  0.0000000
 occupations
 0.551  0.002 -0.000 -0.005 -0.000
 0.002  0.482 -0.000  0.009  0.000
-0.000 -0.000  0.475  0.000 -0.004
-0.005  0.009  0.000  0.499 -0.000
-0.000  0.000 -0.004 -0.000  0.317
atom   13   Tr[ns(na)]=   4.6475073
atom   13   spin  1
eigenvalues:  0.3173966 0.4747072 0.4780744 0.5021635 0.5514331
 eigenvectors
 1   0.0000004  0.0000001 -0.0242088  0.0000001  0.9997069
 2  -0.0000013 -0.0000301  0.9997069 -0.0000115  0.0242088
 3  -0.0472282 -0.9167331 -0.0000322 -0.3966987 -0.0000007
 4   0.0788590 -0.3993242 -0.0000014  0.9134120 -0.0000001
 5   0.9957664 -0.0118555 -0.0000001 -0.0911520 -0.0000003
 occupations
 0.551 -0.002 -0.000 -0.005 -0.000
-0.002  0.482  0.000 -0.009 -0.000
-0.000  0.000  0.475  0.000  0.004
-0.005 -0.009  0.000  0.499 -0.000
-0.000 -0.000  0.004 -0.000  0.317
atom   13   spin  2
eigenvalues:  0.3174020 0.4746881 0.4780599 0.5021575 0.5514250
 eigenvectors
 1   0.0000004 -0.0000000 -0.0242112  0.0000001  0.9997069
 2   0.0000008 -0.0000071  0.9997069 -0.0000001  0.0242112
 3   0.0471949  0.9168270  0.0000065  0.3964857  0.0000001
 4   0.0788706 -0.3991090 -0.0000028  0.9135050 -0.0000002
 5  -0.9957671  0.0118418  0.0000009  0.0911466  0.0000004
 occupations
 0.551 -0.002 -0.000 -0.005 -0.000
-0.002  0.482  0.000 -0.009  0.000
-0.000  0.000  0.475 -0.000  0.004
-0.005 -0.009 -0.000  0.499 -0.000
-0.000  0.000  0.004 -0.000  0.317
atom   14   Tr[ns(na)]=   4.6475067
atom   14   spin  1
eigenvalues:  0.3173966 0.4747072 0.4780746 0.5021633 0.5514330
 eigenvectors
 1  -0.0000001 -0.0000000 -0.0242095  0.0000000  0.9997069
 2   0.0000000  0.0000052  0.9997069  0.0000013  0.0242095
 3  -0.0472269 -0.9167317  0.0000052 -0.3967023  0.0000001
 4  -0.0788551  0.3993276 -0.0000009 -0.9134108 -0.0000000
 5  -0.9957668  0.0118556 -0.0000002  0.0911479 -0.0000001
 occupations
 0.551 -0.002  0.000 -0.005  0.000
-0.002  0.482 -0.000 -0.009  0.000
 0.000 -0.000  0.475  0.000  0.004
-0.005 -0.009  0.000  0.499 -0.000
 0.000  0.000  0.004 -0.000  0.317
atom   14   spin  2
eigenvalues:  0.3174017 0.4746885 0.4780595 0.5021573 0.5514248
 eigenvectors
 1   0.0000000  0.0000000 -0.0242113  0.0000001  0.9997069
 2   0.0000009  0.0000235  0.9997069  0.0000087  0.0242113
 3  -0.0471932 -0.9168289  0.0000250 -0.3964816  0.0000007
 4  -0.0788678  0.3991048 -0.0000013 -0.9135071  0.0000001
 5  -0.9957674  0.0118416 -0.0000002  0.0911433  0.0000000
 occupations
 0.551 -0.002  0.000 -0.005 -0.000
-0.002  0.482 -0.000 -0.009 -0.000
 0.000 -0.000  0.475 -0.000  0.004
-0.005 -0.009 -0.000  0.499 -0.000
-0.000 -0.000  0.004 -0.000  0.317
atom   15   Tr[ns(na)]=   4.6475070
atom   15   spin  1
eigenvalues:  0.3173967 0.4747062 0.4780750 0.5021636 0.5514332
 eigenvectors
 1  -0.0000000 -0.0000000 -0.0242089  0.0000000  0.9997069
 2   0.0000000  0.0000000  0.9997069  0.0000000  0.0242089
 3  -0.0472317 -0.9167280  0.0000000 -0.3967100  0.0000000
 4  -0.0788605  0.3993358 -0.0000000 -0.9134068  0.0000000
 5   0.9957661 -0.0118570 -0.0000000 -0.0911549  0.0000000
 occupations
 0.551 -0.002 -0.000 -0.005  0.000
-0.002  0.482 -0.000 -0.009  0.000
-0.000 -0.000  0.475  0.000  0.004
-0.005 -0.009  0.000  0.499 -0.000
 0.000  0.000  0.004 -0.000  0.317
atom   15   spin  2
eigenvalues:  0.3174019 0.4746883 0.4780597 0.5021574 0.5514251
 eigenvectors
 1  -0.0000000 -0.0000000 -0.0242105  0.0000000  0.9997069
 2   0.0000000  0.0000000  0.9997069  0.0000000  0.0242105
 3  -0.0471962 -0.9168266  0.0000000 -0.3964864  0.0000000
 4  -0.0788735  0.3991099 -0.0000000 -0.9135044  0.0000000
 5   0.9957668 -0.0118416 -0.0000000 -0.0911498  0.0000000
 occupations
 0.551 -0.002 -0.000 -0.005  0.000
-0.002  0.482 -0.000 -0.009  0.000
-0.000 -0.000  0.475  0.000  0.004
-0.005 -0.009  0.000  0.499 -0.000
 0.000  0.000  0.004 -0.000  0.317
atom   16   Tr[ns(na)]=   4.6475062
atom   16   spin  1
eigenvalues:  0.3173966 0.4747068 0.4780750 0.5021633 0.5514330
 eigenvectors
 1  -0.0000000 -0.0000000 -0.0242098  0.0000000  0.9997069
 2   0.0000000  0.0000000  0.9997069  0.0000000  0.0242098
 3  -0.0472280 -0.9167296  0.0000000 -0.3967069  0.0000000
 4  -0.0788562  0.3993323 -0.0000000 -0.9134087  0.0000000
 5   0.9957666 -0.0118557 -0.0000000 -0.0911495  0.0000000
 occupations
 0.551 -0.002 -0.000 -0.005  0.000
-0.002  0.482 -0.000 -0.009  0.000
-0.000 -0.000  0.475  0.000  0.004
-0.005 -0.009  0.000  0.499 -0.000
 0.000  0.000  0.004 -0.000  0.317
atom   16   spin  2
eigenvalues:  0.3174017 0.4746885 0.4780595 0.5021571 0.5514247
 eigenvectors
 1  -0.0000000 -0.0000000 -0.0242111  0.0000000  0.9997069
 2   0.0000000  0.0000000  0.9997069  0.0000000  0.0242111
 3  -0.0471932 -0.9168289  0.0000000 -0.3964815  0.0000000
 4  -0.0788699  0.3991047 -0.0000000 -0.9135070  0.0000000
 5   0.9957672 -0.0118409 -0.0000000 -0.0911452  0.0000000
 occupations
 0.551 -0.002 -0.000 -0.005  0.000
-0.002  0.482 -0.000 -0.009  0.000
-0.000 -0.000  0.475  0.000  0.004
-0.005 -0.009  0.000  0.499 -0.000
 0.000  0.000  0.004 -0.000  0.317
atom   17   Tr[ns(na)]=   4.6475073
atom   17   spin  1
eigenvalues:  0.3173966 0.4747072 0.4780744 0.5021635 0.5514331
 eigenvectors
 1  -0.0000004 -0.0000001 -0.0242088 -0.0000001  0.9997069
 2  -0.0000013 -0.0000301 -0.9997069 -0.0000115 -0.0242088
 3   0.0472282  0.9167331 -0.0000322  0.3966987 -0.0000007
 4   0.0788590 -0.3993242  0.0000014  0.9134120  0.0000001
 5   0.9957664 -0.0118555  0.0000001 -0.0911520  0.0000003
 occupations
 0.551 -0.002  0.000 -0.005  0.000
-0.002  0.482 -0.000 -0.009  0.000
 0.000 -0.000  0.475 -0.000  0.004
-0.005 -0.009 -0.000  0.499  0.000
 0.000  0.000  0.004  0.000  0.317
atom   17   spin  2
eigenvalues:  0.3174020 0.4746881 0.4780599 0.5021575 0.5514250
 eigenvectors
 1  -0.0000004  0.0000000 -0.0242112 -0.0000001  0.9997069
 2   0.0000008 -0.0000071 -0.9997069 -0.0000001 -0.0242112
 3   0.0471949  0.9168270 -0.0000065  0.3964857 -0.0000001
 4   0.0788706 -0.3991090  0.0000028  0.9135050  0.0000002
 5   0.9957671 -0.0118418  0.0000009 -0.0911466  0.0000004
 occupations
 0.551 -0.002  0.000 -0.005  0.000
-0.002  0.482 -0.000 -0.009 -0.000
 0.000 -0.000  0.475  0.000  0.004
-0.005 -0.009  0.000  0.499  0.000
 0.000 -0.000  0.004  0.000  0.317
atom   18   Tr[ns(na)]=   4.6475067
atom   18   spin  1
eigenvalues:  0.3173966 0.4747072 0.4780746 0.5021633 0.5514330
 eigenvectors
 1   0.0000001  0.0000000 -0.0242095 -0.0000000  0.9997069
 2   0.0000000  0.0000052 -0.9997069  0.0000013 -0.0242095
 3   0.0472269  0.9167317  0.0000052  0.3967023  0.0000001
 4  -0.0788551  0.3993276  0.0000009 -0.9134108  0.0000000
 5  -0.9957668  0.0118556  0.0000002  0.0911479  0.0000001
 occupations
 0.551 -0.002 -0.000 -0.005 -0.000
-0.002  0.482  0.000 -0.009 -0.000
-0.000  0.000  0.475 -0.000  0.004
-0.005 -0.009 -0.000  0.499  0.000
-0.000 -0.000  0.004  0.000  0.317
atom   18   spin  2
eigenvalues:  0.3174017 0.4746885 0.4780595 0.5021573 0.5514248
 eigenvectors
 1  -0.0000000 -0.0000000 -0.0242113 -0.0000001  0.9997069
 2   0.0000009  0.0000235 -0.9997069  0.0000087 -0.0242113
 3   0.0471932  0.9168289  0.0000250  0.3964816  0.0000007
 4  -0.0788678  0.3991048  0.0000013 -0.9135071 -0.0000001
 5  -0.9957674  0.0118416  0.0000002  0.0911433 -0.0000000
 occupations
 0.551 -0.002 -0.000 -0.005  0.000
-0.002  0.482  0.000 -0.009  0.000
-0.000  0.000  0.475  0.000  0.004
-0.005 -0.009  0.000  0.499  0.000
 0.000  0.000  0.004  0.000  0.317
atom   19   Tr[ns(na)]=   4.6475128
atom   19   spin  1
eigenvalues:  0.3173955 0.4747092 0.4780751 0.5021629 0.5514353
 eigenvectors
 1  -0.0000000 -0.0000000 -0.0242115  0.0000000  0.9997069
 2   0.0000000  0.0000000  0.9997069  0.0000000  0.0242115
 3  -0.0472234 -0.9167140  0.0000000 -0.3967435  0.0000000
 4  -0.0788503  0.3993683 -0.0000000 -0.9133934  0.0000000
 5   0.9957673 -0.0118502 -0.0000000 -0.0911427  0.0000000
 occupations
 0.551 -0.002 -0.000 -0.005  0.000
-0.002  0.482 -0.000 -0.009  0.000
-0.000 -0.000  0.475  0.000  0.004
-0.005 -0.009  0.000  0.499 -0.000
 0.000  0.000  0.004 -0.000  0.317
atom   19   spin  2
eigenvalues:  0.3174003 0.4746902 0.4780605 0.5021568 0.5514270
 eigenvectors
 1  -0.0000000 -0.0000000 -0.0242134  0.0000000  0.9997068
 2   0.0000000  0.0000000  0.9997068  0.0000000  0.0242134
 3  -0.0471892 -0.9168088  0.0000000 -0.3965285  0.0000000
 4  -0.0788625  0.3991511 -0.0000000 -0.9134873  0.0000000
 5   0.9957680 -0.0118355 -0.0000000 -0.0911375  0.0000000
 occupations
 0.551 -0.002 -0.000 -0.005  0.000
-0.002  0.482 -0.000 -0.009  0.000
-0.000 -0.000  0.475  0.000  0.004
-0.005 -0.009  0.000  0.499 -0.000
 0.000  0.000  0.004 -0.000  0.317
atom   20   Tr[ns(na)]=   4.6475136
atom   20   spin  1
eigenvalues:  0.3173953 0.4747093 0.4780748 0.5021630 0.5514353
 eigenvectors
 1  -0.0000000 -0.0000000 -0.0242111  0.0000000  0.9997069
 2   0.0000000  0.0000000  0.9997069  0.0000000  0.0242111
 3  -0.0472233 -0.9167174  0.0000000 -0.3967356  0.0000000
 4  -0.0788540  0.3993604 -0.0000000 -0.9133966  0.0000000
 5   0.9957670 -0.0118494 -0.0000000 -0.0911460  0.0000000
 occupations
 0.551 -0.002 -0.000 -0.005  0.000
-0.002  0.482 -0.000 -0.009  0.000
-0.000 -0.000  0.475  0.000  0.004
-0.005 -0.009  0.000  0.499 -0.000
 0.000  0.000  0.004 -0.000  0.317
atom   20   spin  2
eigenvalues:  0.3174006 0.4746898 0.4780611 0.5021572 0.5514272
 eigenvectors
 1  -0.0000000 -0.0000000 -0.0242136  0.0000000  0.9997068
 2   0.0000000  0.0000000  0.9997068  0.0000000  0.0242136
 3  -0.0471903 -0.9168071  0.0000000 -0.3965322  0.0000000
 4  -0.0788647  0.3991549 -0.0000000 -0.9134855  0.0000000
 5   0.9957678 -0.0118352 -0.0000000 -0.0911400  0.0000000
 occupations
 0.551 -0.002 -0.000 -0.005  0.000
-0.002  0.482 -0.000 -0.009  0.000
-0.000 -0.000  0.475  0.000  0.004
-0.005 -0.009  0.000  0.499 -0.000
 0.000  0.000  0.004 -0.000  0.317
atom   21   Tr[ns(na)]=   4.6475126
atom   21   spin  1
eigenvalues:  0.3173954 0.4747087 0.4780756 0.5021628 0.5514353
 eigenvectors
 1  -0.0000002 -0.0000000 -0.0242115  0.0000000  0.9997069
 2   0.0000027  0.0000610  0.9997069  0.0000237  0.0242115
 3  -0.0472253 -0.9167099  0.0000655 -0.3967528  0.0000016
 4   0.0788520 -0.3993777  0.0000025  0.9133892  0.0000001
 5   0.9957671 -0.0118503  0.0000002 -0.0911451  0.0000002
 occupations
 0.551 -0.002  0.000 -0.005  0.000
-0.002  0.482 -0.000 -0.009 -0.000
 0.000 -0.000  0.475 -0.000  0.004
-0.005 -0.009 -0.000  0.499 -0.000
 0.000 -0.000  0.004 -0.000  0.317
atom   21   spin  2
eigenvalues:  0.3174003 0.4746900 0.4780606 0.5021567 0.5514270
 eigenvectors
 1  -0.0000003  0.0000003 -0.0242131 -0.0000000  0.9997068
 2   0.0000005 -0.0000024 -0.9997068 -0.0000005 -0.0242131
 3   0.0471914  0.9168068 -0.0000024  0.3965328 -0.0000003
 4  -0.0788642  0.3991556 -0.0000005 -0.9134852 -0.0000002
 5  -0.9957678  0.0118364 -0.0000005  0.0911399 -0.0000003
 occupations
 0.551 -0.002  0.000 -0.005  0.000
-0.002  0.482 -0.000 -0.009 -0.000
 0.000 -0.000  0.475  0.000  0.004
-0.005 -0.009  0.000  0.499  0.000
 0.000 -0.000  0.004  0.000  0.317
atom   22   Tr[ns(na)]=   4.6475134
atom   22   spin  1
eigenvalues:  0.3173954 0.4747080 0.4780756 0.5021631 0.5514355
 eigenvectors
 1  -0.0000006 -0.0000002 -0.0242109 -0.0000001  0.9997069
 2  -0.0000052 -0.0001273 -0.9997069 -0.0000473 -0.0242109
 3   0.0472277  0.9167098 -0.0001357  0.3967527 -0.0000031
 4   0.0788557 -0.3993780  0.0000073  0.9133888  0.0000002
 5   0.9957667 -0.0118510  0.0000006 -0.0911494  0.0000006
 occupations
 0.551 -0.002  0.000 -0.005  0.000
-0.002  0.482 -0.000 -0.009  0.000
 0.000 -0.000  0.475 -0.000  0.004
-0.005 -0.009 -0.000  0.499  0.000
 0.000  0.000  0.004  0.000  0.317
atom   22   spin  2
eigenvalues:  0.3174006 0.4746898 0.4780609 0.5021571 0.5514274
 eigenvectors
 1  -0.0000008  0.0000004 -0.0242128 -0.0000001  0.9997068
 2   0.0000023  0.0000118 -0.9997068  0.0000085 -0.0242128
 3   0.0471937  0.9168053  0.0000143  0.3965359  0.0000001
 4   0.0788679 -0.3991589  0.0000032  0.9134834  0.0000004
 5   0.9957673 -0.0118367  0.0000014 -0.0911443  0.0000008
 occupations
 0.551 -0.002  0.000 -0.005  0.000
-0.002  0.482  0.000 -0.009 -0.000
 0.000  0.000  0.475  0.000  0.004
-0.005 -0.009  0.000  0.499  0.000
 0.000 -0.000  0.004  0.000  0.317
atom   23   Tr[ns(na)]=   4.6475126
atom   23   spin  1
eigenvalues:  0.3173954 0.4747087 0.4780756 0.5021628 0.5514353
 eigenvectors
 1   0.0000002  0.0000000 -0.0242115 -0.0000000  0.9997069
 2   0.0000027  0.0000610 -0.9997069  0.0000237 -0.0242115
 3   0.0472253  0.9167099  0.0000655  0.3967528  0.0000016
 4   0.0788520 -0.3993777 -0.0000025  0.9133892 -0.0000001
 5   0.9957671 -0.0118503 -0.0000002 -0.0911451 -0.0000002
 occupations
 0.551 -0.002 -0.000 -0.005 -0.000
-0.002  0.482  0.000 -0.009  0.000
-0.000  0.000  0.475  0.000  0.004
-0.005 -0.009  0.000  0.499  0.000
-0.000  0.000  0.004  0.000  0.317
atom   23   spin  2
eigenvalues:  0.3174003 0.4746900 0.4780606 0.5021567 0.5514270
 eigenvectors
 1   0.0000003 -0.0000003 -0.0242131  0.0000000  0.9997068
 2   0.0000005 -0.0000024  0.9997068 -0.0000005  0.0242131
 3  -0.0471914 -0.9168068 -0.0000024 -0.3965328 -0.0000003
 4  -0.0788642  0.3991556  0.0000005 -0.9134852  0.0000002
 5  -0.9957678  0.0118364  0.0000005  0.0911399  0.0000003
 occupations
 0.551 -0.002 -0.000 -0.005 -0.000
-0.002  0.482  0.000 -0.009  0.000
-0.000  0.000  0.475 -0.000  0.004
-0.005 -0.009 -0.000  0.499 -0.000
-0.000  0.000  0.004 -0.000  0.317
atom   24   Tr[ns(na)]=   4.6475134
atom   24   spin  1
