
     Program SHIRLEY v.4.3      starts on  6Sep2018 at 14:20:16 

     This program is part of the open-source Quantum ESPRESSO suite
     for quantum simulation of materials; please cite
         "P. Giannozzi et al., J. Phys.:Condens. Matter 21 395502 (2009);
          URL http://www.quantum-espresso.org", 
     in publications or presentations arising from this work. More details at
     http://www.quantum-espresso.org/wiki/index.php/Citing_Quantum-ESPRESSO

     Parallel version (MPI), running on    64 processors
     R & G space division:  proc/pool =   64

     Ultrasoft (Vanderbilt) Pseudopotentials

     Current dimensions of program PWSCF are:
     Max number of different atomic species (ntypx) = **
     Max number of k-points (npk) =  40000
     Max angular momentum in pseudopotentials (lmaxx) =  3
         nkstot =            2
           lsda =  T
       noncolin =  F

   Info: using nr1, nr2, nr3 values from input

   Info: using nr1s, nr2s, nr3s values from input
         nspin =            2
          npol =            1
  current_spin =            0
 
   Stick Mesh
   ----------
   nst = 10457,  nstw =  1035, nsts =  4177
               n.st   n.stw   n.sts    n.g    n.gw   n.gs
   min         163      16      65    9923     312    2501
   max         164      17      66    9926     317    2526
      10457    1035    4177  635163   20075  160693
 
  setting U_projection_type to atomic

     Check: negative/imaginary core charge=   -0.000004    0.000000

     The potential is recalculated from file :
     ./v2o5.save/charge-density.dat


     negative rho (up, down):  0.119E-01 0.119E-01

     Parameters of the lda+U calculation:
     Number of iteration with fixed ns =  0
     Starting ns and Hubbard U :
 enter write_ns
U( 1) =  0.0000      U( 2) =  3.1000
alpha( 1) =  0.0000      alpha( 2) =  0.0000
atom    1   Tr[ns(na)]=   4.6475128
atom    1   spin  1
eigenvalues:  0.3173955 0.4747092 0.4780751 0.5021629 0.5514353
 eigenvectors
 1  -0.0000000 -0.0000000  0.0242115  0.0000000  0.9997069
 2   0.0000000 -0.0000000 -0.9997069  0.0000000  0.0242115
 3   0.0472234 -0.9167140  0.0000000  0.3967435 -0.0000000
 4   0.0788503  0.3993683  0.0000000  0.9133934 -0.0000000
 5  -0.9957673 -0.0118502  0.0000000  0.0911427 -0.0000000
 occupations
 0.551  0.002 -0.000 -0.005  0.000
 0.002  0.482 -0.000  0.009  0.000
-0.000 -0.000  0.475  0.000 -0.004
-0.005  0.009  0.000  0.499 -0.000
 0.000  0.000 -0.004 -0.000  0.317
atom    1   spin  2
eigenvalues:  0.3174003 0.4746902 0.4780605 0.5021568 0.5514270
 eigenvectors
 1  -0.0000000 -0.0000000  0.0242134  0.0000000  0.9997068
 2   0.0000000 -0.0000000 -0.9997068  0.0000000  0.0242134
 3   0.0471892 -0.9168088  0.0000000  0.3965285 -0.0000000
 4   0.0788625  0.3991511 -0.0000000  0.9134873 -0.0000000
 5  -0.9957680 -0.0118355  0.0000000  0.0911375 -0.0000000
 occupations
 0.551  0.002 -0.000 -0.005  0.000
 0.002  0.482 -0.000  0.009  0.000
-0.000 -0.000  0.475  0.000 -0.004
-0.005  0.009  0.000  0.499 -0.000
 0.000  0.000 -0.004 -0.000  0.317
atom    2   Tr[ns(na)]=   4.6475136
atom    2   spin  1
eigenvalues:  0.3173953 0.4747093 0.4780748 0.5021630 0.5514353
 eigenvectors
 1  -0.0000000 -0.0000000  0.0242111  0.0000000  0.9997069
 2   0.0000000 -0.0000000 -0.9997069  0.0000000  0.0242111
 3   0.0472233 -0.9167174  0.0000000  0.3967356 -0.0000000
 4   0.0788540  0.3993604  0.0000000  0.9133966 -0.0000000
 5  -0.9957670 -0.0118494  0.0000000  0.0911460 -0.0000000
 occupations
 0.551  0.002 -0.000 -0.005  0.000
 0.002  0.482 -0.000  0.009  0.000
-0.000 -0.000  0.475  0.000 -0.004
-0.005  0.009  0.000  0.499 -0.000
 0.000  0.000 -0.004 -0.000  0.317
atom    2   spin  2
eigenvalues:  0.3174006 0.4746898 0.4780611 0.5021572 0.5514272
 eigenvectors
 1  -0.0000000 -0.0000000  0.0242136  0.0000000  0.9997068
 2   0.0000000 -0.0000000 -0.9997068  0.0000000  0.0242136
 3   0.0471903 -0.9168071  0.0000000  0.3965322 -0.0000000
 4   0.0788647  0.3991549 -0.0000000  0.9134855 -0.0000000
 5  -0.9957678 -0.0118352  0.0000000  0.0911400 -0.0000000
 occupations
 0.551  0.002 -0.000 -0.005  0.000
 0.002  0.482 -0.000  0.009  0.000
-0.000 -0.000  0.475  0.000 -0.004
-0.005  0.009  0.000  0.499 -0.000
 0.000  0.000 -0.004 -0.000  0.317
atom    3   Tr[ns(na)]=   4.6475126
atom    3   spin  1
eigenvalues:  0.3173954 0.4747087 0.4780756 0.5021628 0.5514353
 eigenvectors
 1   0.0000002 -0.0000000  0.0242115 -0.0000000  0.9997069
 2   0.0000027 -0.0000610  0.9997069  0.0000237 -0.0242115
 3   0.0472253 -0.9167099 -0.0000655  0.3967528  0.0000016
 4   0.0788520  0.3993777  0.0000025  0.9133892 -0.0000001
 5   0.9957671  0.0118503  0.0000002 -0.0911451 -0.0000002
 occupations
 0.551  0.002  0.000 -0.005 -0.000
 0.002  0.482  0.000  0.009 -0.000
 0.000  0.000  0.475 -0.000 -0.004
-0.005  0.009 -0.000  0.499  0.000
-0.000 -0.000 -0.004  0.000  0.317
atom    3   spin  2
eigenvalues:  0.3174003 0.4746900 0.4780606 0.5021567 0.5514270
 eigenvectors
 1   0.0000003  0.0000003  0.0242131  0.0000000  0.9997068
 2   0.0000005  0.0000024 -0.9997068 -0.0000005  0.0242131
 3  -0.0471914  0.9168068  0.0000024 -0.3965328 -0.0000003
 4  -0.0788642 -0.3991556 -0.0000005 -0.9134852  0.0000002
 5  -0.9957678 -0.0118364 -0.0000005  0.0911399  0.0000003
 occupations
 0.551  0.002  0.000 -0.005 -0.000
 0.002  0.482  0.000  0.009 -0.000
 0.000  0.000  0.475  0.000 -0.004
-0.005  0.009  0.000  0.499 -0.000
-0.000 -0.000 -0.004 -0.000  0.317
atom    4   Tr[ns(na)]=   4.6475134
atom    4   spin  1
eigenvalues:  0.3173954 0.4747080 0.4780756 0.5021631 0.5514355
 eigenvectors
 1   0.0000006 -0.0000002  0.0242109  0.0000001  0.9997069
 2  -0.0000052  0.0001273 -0.9997069 -0.0000473  0.0242109
 3  -0.0472277  0.9167098  0.0001357 -0.3967527 -0.0000031
 4   0.0788557  0.3993780  0.0000073  0.9133888 -0.0000002
 5   0.9957667  0.0118510  0.0000006 -0.0911494 -0.0000006
 occupations
 0.551  0.002  0.000 -0.005 -0.000
 0.002  0.482  0.000  0.009  0.000
 0.000  0.000  0.475 -0.000 -0.004
-0.005  0.009 -0.000  0.499 -0.000
-0.000  0.000 -0.004 -0.000  0.317
atom    4   spin  2
eigenvalues:  0.3174006 0.4746898 0.4780609 0.5021571 0.5514274
 eigenvectors
 1   0.0000008  0.0000004  0.0242128  0.0000001  0.9997068
 2   0.0000023 -0.0000118 -0.9997068  0.0000085  0.0242128
 3  -0.0471937  0.9168053 -0.0000143 -0.3965359  0.0000001
 4   0.0788679  0.3991589  0.0000032  0.9134834 -0.0000004
 5   0.9957673  0.0118367  0.0000014 -0.0911443 -0.0000008
 occupations
 0.551  0.002  0.000 -0.005 -0.000
 0.002  0.482 -0.000  0.009 -0.000
 0.000 -0.000  0.475  0.000 -0.004
-0.005  0.009  0.000  0.499 -0.000
-0.000 -0.000 -0.004 -0.000  0.317
atom    5   Tr[ns(na)]=   4.6475126
atom    5   spin  1
eigenvalues:  0.3173954 0.4747087 0.4780756 0.5021628 0.5514353
 eigenvectors
 1  -0.0000002  0.0000000  0.0242115  0.0000000  0.9997069
 2   0.0000027 -0.0000610 -0.9997069  0.0000237  0.0242115
 3  -0.0472253  0.9167099 -0.0000655 -0.3967528  0.0000016
 4   0.0788520  0.3993777 -0.0000025  0.9133892  0.0000001
 5   0.9957671  0.0118503 -0.0000002 -0.0911451  0.0000002
 occupations
 0.551  0.002 -0.000 -0.005  0.000
 0.002  0.482 -0.000  0.009  0.000
-0.000 -0.000  0.475  0.000 -0.004
-0.005  0.009  0.000  0.499 -0.000
 0.000  0.000 -0.004 -0.000  0.317
atom    5   spin  2
eigenvalues:  0.3174003 0.4746900 0.4780606 0.5021567 0.5514270
 eigenvectors
 1  -0.0000003 -0.0000003  0.0242131 -0.0000000  0.9997068
 2   0.0000005  0.0000024  0.9997068 -0.0000005 -0.0242131
 3   0.0471914 -0.9168068  0.0000024  0.3965328 -0.0000003
 4  -0.0788642 -0.3991556  0.0000005 -0.9134852 -0.0000002
 5  -0.9957678 -0.0118364  0.0000005  0.0911399 -0.0000003
 occupations
 0.551  0.002 -0.000 -0.005  0.000
 0.002  0.482 -0.000  0.009  0.000
-0.000 -0.000  0.475 -0.000 -0.004
-0.005  0.009 -0.000  0.499  0.000
 0.000  0.000 -0.004  0.000  0.317
atom    6   Tr[ns(na)]=   4.6475134
atom    6   spin  1
eigenvalues:  0.3173954 0.4747080 0.4780756 0.5021631 0.5514355
 eigenvectors
 1  -0.0000006  0.0000002  0.0242109 -0.0000001  0.9997069
 2  -0.0000052  0.0001273  0.9997069 -0.0000473 -0.0242109
 3   0.0472277 -0.9167098  0.0001357  0.3967527 -0.0000031
 4   0.0788557  0.3993780 -0.0000073  0.9133888  0.0000002
 5   0.9957667  0.0118510 -0.0000006 -0.0911494  0.0000006
 occupations
 0.551  0.002 -0.000 -0.005  0.000
 0.002  0.482 -0.000  0.009 -0.000
-0.000 -0.000  0.475  0.000 -0.004
-0.005  0.009  0.000  0.499  0.000
 0.000 -0.000 -0.004  0.000  0.317
atom    6   spin  2
eigenvalues:  0.3174006 0.4746898 0.4780609 0.5021571 0.5514274
 eigenvectors
 1  -0.0000008 -0.0000004  0.0242128 -0.0000001  0.9997068
 2   0.0000023 -0.0000118  0.9997068  0.0000085 -0.0242128
 3   0.0471937 -0.9168053 -0.0000143  0.3965359  0.0000001
 4   0.0788679  0.3991589 -0.0000032  0.9134834  0.0000004
 5   0.9957673  0.0118367 -0.0000014 -0.0911443  0.0000008
 occupations
 0.551  0.002 -0.000 -0.005  0.000
 0.002  0.482  0.000  0.009  0.000
-0.000  0.000  0.475 -0.000 -0.004
-0.005  0.009 -0.000  0.499  0.000
 0.000  0.000 -0.004  0.000  0.317
atom    7   Tr[ns(na)]=   4.6475073
atom    7   spin  1
eigenvalues:  0.3173966 0.4747072 0.4780744 0.5021635 0.5514331
 eigenvectors
 1  -0.0000004  0.0000001  0.0242088 -0.0000001  0.9997069
 2  -0.0000013  0.0000301  0.9997069 -0.0000115 -0.0242088
 3   0.0472282 -0.9167331  0.0000322  0.3966987 -0.0000007
 4   0.0788590  0.3993242 -0.0000014  0.9134120  0.0000001
 5   0.9957664  0.0118555 -0.0000001 -0.0911520  0.0000003
 occupations
 0.551  0.002 -0.000 -0.005  0.000
 0.002  0.482 -0.000  0.009 -0.000
-0.000 -0.000  0.475  0.000 -0.004
-0.005  0.009  0.000  0.499  0.000
 0.000 -0.000 -0.004  0.000  0.317
atom    7   spin  2
eigenvalues:  0.3174020 0.4746881 0.4780599 0.5021575 0.5514250
 eigenvectors
 1  -0.0000004 -0.0000000  0.0242112 -0.0000001  0.9997069
 2   0.0000008  0.0000071  0.9997069 -0.0000001 -0.0242112
 3   0.0471949 -0.9168270  0.0000065  0.3964857 -0.0000001
 4  -0.0788706 -0.3991090  0.0000028 -0.9135050 -0.0000002
 5  -0.9957671 -0.0118418  0.0000009  0.0911466 -0.0000004
 occupations
 0.551  0.002 -0.000 -0.005  0.000
 0.002  0.482 -0.000  0.009  0.000
-0.000 -0.000  0.475 -0.000 -0.004
-0.005  0.009 -0.000  0.499  0.000
 0.000  0.000 -0.004  0.000  0.317
atom    8   Tr[ns(na)]=   4.6475067
atom    8   spin  1
eigenvalues:  0.3173966 0.4747072 0.4780746 0.5021633 0.5514330
 eigenvectors
 1   0.0000001 -0.0000000  0.0242095 -0.0000000  0.9997069
 2   0.0000000 -0.0000052  0.9997069  0.0000013 -0.0242095
 3   0.0472269 -0.9167317 -0.0000052  0.3967023  0.0000001
 4  -0.0788551 -0.3993276 -0.0000009 -0.9134108  0.0000000
 5  -0.9957668 -0.0118556 -0.0000002  0.0911479  0.0000001
 occupations
 0.551  0.002  0.000 -0.005 -0.000
 0.002  0.482  0.000  0.009  0.000
 0.000  0.000  0.475  0.000 -0.004
-0.005  0.009  0.000  0.499  0.000
-0.000  0.000 -0.004  0.000  0.317
atom    8   spin  2
eigenvalues:  0.3174017 0.4746885 0.4780595 0.5021573 0.5514248
 eigenvectors
 1  -0.0000000  0.0000000  0.0242113 -0.0000001  0.9997069
 2   0.0000009 -0.0000235  0.9997069  0.0000087 -0.0242113
 3  -0.0471932  0.9168289  0.0000250 -0.3964816 -0.0000007
 4   0.0788678  0.3991048  0.0000013  0.9135071  0.0000001
 5  -0.9957674 -0.0118416 -0.0000002  0.0911433 -0.0000000
 occupations
 0.551  0.002  0.000 -0.005  0.000
 0.002  0.482  0.000  0.009 -0.000
 0.000  0.000  0.475 -0.000 -0.004
-0.005  0.009 -0.000  0.499  0.000
 0.000 -0.000 -0.004  0.000  0.317
atom    9   Tr[ns(na)]=   4.6475070
atom    9   spin  1
eigenvalues:  0.3173967 0.4747062 0.4780750 0.5021636 0.5514332
 eigenvectors
 1  -0.0000000 -0.0000000  0.0242089  0.0000000  0.9997069
 2   0.0000000 -0.0000000 -0.9997069  0.0000000  0.0242089
 3   0.0472317 -0.9167280  0.0000000  0.3967100 -0.0000000
 4   0.0788605  0.3993358 -0.0000000  0.9134068 -0.0000000
 5  -0.9957661 -0.0118570  0.0000000  0.0911549 -0.0000000
 occupations
 0.551  0.002 -0.000 -0.005  0.000
 0.002  0.482 -0.000  0.009  0.000
-0.000 -0.000  0.475  0.000 -0.004
-0.005  0.009  0.000  0.499 -0.000
 0.000  0.000 -0.004 -0.000  0.317
atom    9   spin  2
eigenvalues:  0.3174019 0.4746883 0.4780597 0.5021574 0.5514251
 eigenvectors
 1  -0.0000000 -0.0000000  0.0242105  0.0000000  0.9997069
 2   0.0000000 -0.0000000 -0.9997069  0.0000000  0.0242105
 3   0.0471962 -0.9168266  0.0000000  0.3964864 -0.0000000
 4   0.0788735  0.3991099 -0.0000000  0.9135044 -0.0000000
 5  -0.9957668 -0.0118416  0.0000000  0.0911498 -0.0000000
 occupations
 0.551  0.002 -0.000 -0.005  0.000
 0.002  0.482 -0.000  0.009  0.000
-0.000 -0.000  0.475  0.000 -0.004
-0.005  0.009  0.000  0.499 -0.000
 0.000  0.000 -0.004 -0.000  0.317
atom   10   Tr[ns(na)]=   4.6475062
atom   10   spin  1
eigenvalues:  0.3173966 0.4747068 0.4780750 0.5021633 0.5514330
 eigenvectors
 1  -0.0000000 -0.0000000  0.0242098  0.0000000  0.9997069
 2   0.0000000 -0.0000000 -0.9997069  0.0000000  0.0242098
 3   0.0472280 -0.9167296  0.0000000  0.3967069 -0.0000000
 4   0.0788562  0.3993323  0.0000000  0.9134087 -0.0000000
 5  -0.9957666 -0.0118557  0.0000000  0.0911495 -0.0000000
 occupations
 0.551  0.002 -0.000 -0.005  0.000
 0.002  0.482 -0.000  0.009  0.000
-0.000 -0.000  0.475  0.000 -0.004
-0.005  0.009  0.000  0.499 -0.000
 0.000  0.000 -0.004 -0.000  0.317
atom   10   spin  2
eigenvalues:  0.3174017 0.4746885 0.4780595 0.5021571 0.5514247
 eigenvectors
 1  -0.0000000 -0.0000000  0.0242111  0.0000000  0.9997069
 2   0.0000000 -0.0000000 -0.9997069  0.0000000  0.0242111
 3   0.0471932 -0.9168289  0.0000000  0.3964815 -0.0000000
 4   0.0788699  0.3991047 -0.0000000  0.9135070 -0.0000000
 5  -0.9957672 -0.0118409  0.0000000  0.0911452 -0.0000000
 occupations
 0.551  0.002 -0.000 -0.005  0.000
 0.002  0.482 -0.000  0.009  0.000
-0.000 -0.000  0.475  0.000 -0.004
-0.005  0.009  0.000  0.499 -0.000
 0.000  0.000 -0.004 -0.000  0.317
atom   11   Tr[ns(na)]=   4.6475073
atom   11   spin  1
eigenvalues:  0.3173966 0.4747072 0.4780744 0.5021635 0.5514331
 eigenvectors
 1   0.0000004 -0.0000001  0.0242088  0.0000001  0.9997069
 2  -0.0000013  0.0000301 -0.9997069 -0.0000115  0.0242088
 3  -0.0472282  0.9167331  0.0000322 -0.3966987 -0.0000007
 4   0.0788590  0.3993242  0.0000014  0.9134120 -0.0000001
 5   0.9957664  0.0118555  0.0000001 -0.0911520 -0.0000003
 occupations
 0.551  0.002  0.000 -0.005 -0.000
 0.002  0.482  0.000  0.009  0.000
 0.000  0.000  0.475 -0.000 -0.004
-0.005  0.009 -0.000  0.499 -0.000
-0.000  0.000 -0.004 -0.000  0.317
atom   11   spin  2
eigenvalues:  0.3174020 0.4746881 0.4780599 0.5021575 0.5514250
 eigenvectors
 1   0.0000004  0.0000000  0.0242112  0.0000001  0.9997069
 2   0.0000008  0.0000071 -0.9997069 -0.0000001  0.0242112
 3   0.0471949 -0.9168270 -0.0000065  0.3964857  0.0000001
 4  -0.0788706 -0.3991090 -0.0000028 -0.9135050  0.0000002
 5   0.9957671  0.0118418  0.0000009 -0.0911466 -0.0000004
 occupations
 0.551  0.002  0.000 -0.005 -0.000
 0.002  0.482  0.000  0.009 -0.000
 0.000  0.000  0.475  0.000 -0.004
-0.005  0.009  0.000  0.499 -0.000
-0.000 -0.000 -0.004 -0.000  0.317
atom   12   Tr[ns(na)]=   4.6475067
atom   12   spin  1
eigenvalues:  0.3173966 0.4747072 0.4780746 0.5021633 0.5514330
 eigenvectors
 1  -0.0000001  0.0000000  0.0242095  0.0000000  0.9997069
 2   0.0000000 -0.0000052 -0.9997069  0.0000013  0.0242095
 3  -0.0472269  0.9167317 -0.0000052 -0.3967023  0.0000001
 4  -0.0788551 -0.3993276  0.0000009 -0.9134108 -0.0000000
 5  -0.9957668 -0.0118556  0.0000002  0.0911479 -0.0000001
 occupations
 0.551  0.002 -0.000 -0.005  0.000
 0.002  0.482 -0.000  0.009 -0.000
-0.000 -0.000  0.475 -0.000 -0.004
-0.005  0.009 -0.000  0.499 -0.000
 0.000 -0.000 -0.004 -0.000  0.317
atom   12   spin  2
eigenvalues:  0.3174017 0.4746885 0.4780595 0.5021573 0.5514248
 eigenvectors
 1   0.0000000 -0.0000000  0.0242113  0.0000001  0.9997069
 2   0.0000009 -0.0000235 -0.9997069  0.0000087  0.0242113
 3   0.0471932 -0.9168289  0.0000250  0.3964816 -0.0000007
 4   0.0788678  0.3991048 -0.0000013  0.9135071 -0.0000001
 5  -0.9957674 -0.0118416  0.0000002  0.0911433  0.0000000
 occupations
 0.551  0.002 -0.000 -0.005 -0.000
 0.002  0.482 -0.000  0.009  0.000
-0.000 -0.000  0.475  0.000 -0.004
-0.005  0.009  0.000  0.499 -0.000
-0.000  0.000 -0.004 -0.000  0.317
atom   13   Tr[ns(na)]=   4.6475073
atom   13   spin  1
eigenvalues:  0.3173966 0.4747072 0.4780744 0.5021635 0.5514331
 eigenvectors
 1   0.0000004  0.0000001 -0.0242088  0.0000001  0.9997069
 2  -0.0000013 -0.0000301  0.9997069 -0.0000115  0.0242088
 3  -0.0472282 -0.9167331 -0.0000322 -0.3966987 -0.0000007
 4   0.0788590 -0.3993242 -0.0000014  0.9134120 -0.0000001
 5   0.9957664 -0.0118555 -0.0000001 -0.0911520 -0.0000003
 occupations
 0.551 -0.002 -0.000 -0.005 -0.000
-0.002  0.482  0.000 -0.009 -0.000
-0.000  0.000  0.475  0.000  0.004
-0.005 -0.009  0.000  0.499 -0.000
-0.000 -0.000  0.004 -0.000  0.317
atom   13   spin  2
eigenvalues:  0.3174020 0.4746881 0.4780599 0.5021575 0.5514250
 eigenvectors
 1   0.0000004 -0.0000000 -0.0242112  0.0000001  0.9997069
 2   0.0000008 -0.0000071  0.9997069 -0.0000001  0.0242112
 3   0.0471949  0.9168270  0.0000065  0.3964857  0.0000001
 4   0.0788706 -0.3991090 -0.0000028  0.9135050 -0.0000002
 5  -0.9957671  0.0118418  0.0000009  0.0911466  0.0000004
 occupations
 0.551 -0.002 -0.000 -0.005 -0.000
-0.002  0.482  0.000 -0.009  0.000
-0.000  0.000  0.475 -0.000  0.004
-0.005 -0.009 -0.000  0.499 -0.000
-0.000  0.000  0.004 -0.000  0.317
atom   14   Tr[ns(na)]=   4.6475067
atom   14   spin  1
eigenvalues:  0.3173966 0.4747072 0.4780746 0.5021633 0.5514330
 eigenvectors
 1  -0.0000001 -0.0000000 -0.0242095  0.0000000  0.9997069
 2   0.0000000  0.0000052  0.9997069  0.0000013  0.0242095
 3  -0.0472269 -0.9167317  0.0000052 -0.3967023  0.0000001
 4  -0.0788551  0.3993276 -0.0000009 -0.9134108 -0.0000000
 5  -0.9957668  0.0118556 -0.0000002  0.0911479 -0.0000001
 occupations
 0.551 -0.002  0.000 -0.005  0.000
-0.002  0.482 -0.000 -0.009  0.000
 0.000 -0.000  0.475  0.000  0.004
-0.005 -0.009  0.000  0.499 -0.000
 0.000  0.000  0.004 -0.000  0.317
atom   14   spin  2
eigenvalues:  0.3174017 0.4746885 0.4780595 0.5021573 0.5514248
 eigenvectors
 1   0.0000000  0.0000000 -0.0242113  0.0000001  0.9997069
 2   0.0000009  0.0000235  0.9997069  0.0000087  0.0242113
 3  -0.0471932 -0.9168289  0.0000250 -0.3964816  0.0000007
 4  -0.0788678  0.3991048 -0.0000013 -0.9135071  0.0000001
 5  -0.9957674  0.0118416 -0.0000002  0.0911433  0.0000000
 occupations
 0.551 -0.002  0.000 -0.005 -0.000
-0.002  0.482 -0.000 -0.009 -0.000
 0.000 -0.000  0.475 -0.000  0.004
-0.005 -0.009 -0.000  0.499 -0.000
-0.000 -0.000  0.004 -0.000  0.317
atom   15   Tr[ns(na)]=   4.6475070
atom   15   spin  1
eigenvalues:  0.3173967 0.4747062 0.4780750 0.5021636 0.5514332
 eigenvectors
 1  -0.0000000 -0.0000000 -0.0242089  0.0000000  0.9997069
 2   0.0000000  0.0000000  0.9997069  0.0000000  0.0242089
 3  -0.0472317 -0.9167280  0.0000000 -0.3967100  0.0000000
 4  -0.0788605  0.3993358 -0.0000000 -0.9134068  0.0000000
 5   0.9957661 -0.0118570 -0.0000000 -0.0911549  0.0000000
 occupations
 0.551 -0.002 -0.000 -0.005  0.000
-0.002  0.482 -0.000 -0.009  0.000
-0.000 -0.000  0.475  0.000  0.004
-0.005 -0.009  0.000  0.499 -0.000
 0.000  0.000  0.004 -0.000  0.317
atom   15   spin  2
eigenvalues:  0.3174019 0.4746883 0.4780597 0.5021574 0.5514251
 eigenvectors
 1  -0.0000000 -0.0000000 -0.0242105  0.0000000  0.9997069
 2   0.0000000  0.0000000  0.9997069  0.0000000  0.0242105
 3  -0.0471962 -0.9168266  0.0000000 -0.3964864  0.0000000
 4  -0.0788735  0.3991099 -0.0000000 -0.9135044  0.0000000
 5   0.9957668 -0.0118416 -0.0000000 -0.0911498  0.0000000
 occupations
 0.551 -0.002 -0.000 -0.005  0.000
-0.002  0.482 -0.000 -0.009  0.000
-0.000 -0.000  0.475  0.000  0.004
-0.005 -0.009  0.000  0.499 -0.000
 0.000  0.000  0.004 -0.000  0.317
atom   16   Tr[ns(na)]=   4.6475062
atom   16   spin  1
eigenvalues:  0.3173966 0.4747068 0.4780750 0.5021633 0.5514330
 eigenvectors
 1  -0.0000000 -0.0000000 -0.0242098  0.0000000  0.9997069
 2   0.0000000  0.0000000  0.9997069  0.0000000  0.0242098
 3  -0.0472280 -0.9167296  0.0000000 -0.3967069  0.0000000
 4  -0.0788562  0.3993323 -0.0000000 -0.9134087  0.0000000
 5   0.9957666 -0.0118557 -0.0000000 -0.0911495  0.0000000
 occupations
 0.551 -0.002 -0.000 -0.005  0.000
-0.002  0.482 -0.000 -0.009  0.000
-0.000 -0.000  0.475  0.000  0.004
-0.005 -0.009  0.000  0.499 -0.000
 0.000  0.000  0.004 -0.000  0.317
atom   16   spin  2
eigenvalues:  0.3174017 0.4746885 0.4780595 0.5021571 0.5514247
 eigenvectors
 1  -0.0000000 -0.0000000 -0.0242111  0.0000000  0.9997069
 2   0.0000000  0.0000000  0.9997069  0.0000000  0.0242111
 3  -0.0471932 -0.9168289  0.0000000 -0.3964815  0.0000000
 4  -0.0788699  0.3991047 -0.0000000 -0.9135070  0.0000000
 5   0.9957672 -0.0118409 -0.0000000 -0.0911452  0.0000000
 occupations
 0.551 -0.002 -0.000 -0.005  0.000
-0.002  0.482 -0.000 -0.009  0.000
-0.000 -0.000  0.475  0.000  0.004
-0.005 -0.009  0.000  0.499 -0.000
 0.000  0.000  0.004 -0.000  0.317
atom   17   Tr[ns(na)]=   4.6475073
atom   17   spin  1
eigenvalues:  0.3173966 0.4747072 0.4780744 0.5021635 0.5514331
 eigenvectors
 1  -0.0000004 -0.0000001 -0.0242088 -0.0000001  0.9997069
 2  -0.0000013 -0.0000301 -0.9997069 -0.0000115 -0.0242088
 3   0.0472282  0.9167331 -0.0000322  0.3966987 -0.0000007
 4   0.0788590 -0.3993242  0.0000014  0.9134120  0.0000001
 5   0.9957664 -0.0118555  0.0000001 -0.0911520  0.0000003
 occupations
 0.551 -0.002  0.000 -0.005  0.000
-0.002  0.482 -0.000 -0.009  0.000
 0.000 -0.000  0.475 -0.000  0.004
-0.005 -0.009 -0.000  0.499  0.000
 0.000  0.000  0.004  0.000  0.317
atom   17   spin  2
eigenvalues:  0.3174020 0.4746881 0.4780599 0.5021575 0.5514250
 eigenvectors
 1  -0.0000004  0.0000000 -0.0242112 -0.0000001  0.9997069
 2   0.0000008 -0.0000071 -0.9997069 -0.0000001 -0.0242112
 3   0.0471949  0.9168270 -0.0000065  0.3964857 -0.0000001
 4   0.0788706 -0.3991090  0.0000028  0.9135050  0.0000002
 5   0.9957671 -0.0118418  0.0000009 -0.0911466  0.0000004
 occupations
 0.551 -0.002  0.000 -0.005  0.000
-0.002  0.482 -0.000 -0.009 -0.000
 0.000 -0.000  0.475  0.000  0.004
-0.005 -0.009  0.000  0.499  0.000
 0.000 -0.000  0.004  0.000  0.317
atom   18   Tr[ns(na)]=   4.6475067
atom   18   spin  1
eigenvalues:  0.3173966 0.4747072 0.4780746 0.5021633 0.5514330
 eigenvectors
 1   0.0000001  0.0000000 -0.0242095 -0.0000000  0.9997069
 2   0.0000000  0.0000052 -0.9997069  0.0000013 -0.0242095
 3   0.0472269  0.9167317  0.0000052  0.3967023  0.0000001
 4  -0.0788551  0.3993276  0.0000009 -0.9134108  0.0000000
 5  -0.9957668  0.0118556  0.0000002  0.0911479  0.0000001
 occupations
 0.551 -0.002 -0.000 -0.005 -0.000
-0.002  0.482  0.000 -0.009 -0.000
-0.000  0.000  0.475 -0.000  0.004
-0.005 -0.009 -0.000  0.499  0.000
-0.000 -0.000  0.004  0.000  0.317
atom   18   spin  2
eigenvalues:  0.3174017 0.4746885 0.4780595 0.5021573 0.5514248
 eigenvectors
 1  -0.0000000 -0.0000000 -0.0242113 -0.0000001  0.9997069
 2   0.0000009  0.0000235 -0.9997069  0.0000087 -0.0242113
 3   0.0471932  0.9168289  0.0000250  0.3964816  0.0000007
 4  -0.0788678  0.3991048  0.0000013 -0.9135071 -0.0000001
 5  -0.9957674  0.0118416  0.0000002  0.0911433 -0.0000000
 occupations
 0.551 -0.002 -0.000 -0.005  0.000
-0.002  0.482  0.000 -0.009  0.000
-0.000  0.000  0.475  0.000  0.004
-0.005 -0.009  0.000  0.499  0.000
 0.000  0.000  0.004  0.000  0.317
atom   19   Tr[ns(na)]=   4.6475128
atom   19   spin  1
eigenvalues:  0.3173955 0.4747092 0.4780751 0.5021629 0.5514353
 eigenvectors
 1  -0.0000000 -0.0000000 -0.0242115  0.0000000  0.9997069
 2   0.0000000  0.0000000  0.9997069  0.0000000  0.0242115
 3  -0.0472234 -0.9167140  0.0000000 -0.3967435  0.0000000
 4  -0.0788503  0.3993683 -0.0000000 -0.9133934  0.0000000
 5   0.9957673 -0.0118502 -0.0000000 -0.0911427  0.0000000
 occupations
 0.551 -0.002 -0.000 -0.005  0.000
-0.002  0.482 -0.000 -0.009  0.000
-0.000 -0.000  0.475  0.000  0.004
-0.005 -0.009  0.000  0.499 -0.000
 0.000  0.000  0.004 -0.000  0.317
atom   19   spin  2
eigenvalues:  0.3174003 0.4746902 0.4780605 0.5021568 0.5514270
 eigenvectors
 1  -0.0000000 -0.0000000 -0.0242134  0.0000000  0.9997068
 2   0.0000000  0.0000000  0.9997068  0.0000000  0.0242134
 3  -0.0471892 -0.9168088  0.0000000 -0.3965285  0.0000000
 4  -0.0788625  0.3991511 -0.0000000 -0.9134873  0.0000000
 5   0.9957680 -0.0118355 -0.0000000 -0.0911375  0.0000000
 occupations
 0.551 -0.002 -0.000 -0.005  0.000
-0.002  0.482 -0.000 -0.009  0.000
-0.000 -0.000  0.475  0.000  0.004
-0.005 -0.009  0.000  0.499 -0.000
 0.000  0.000  0.004 -0.000  0.317
atom   20   Tr[ns(na)]=   4.6475136
atom   20   spin  1
eigenvalues:  0.3173953 0.4747093 0.4780748 0.5021630 0.5514353
 eigenvectors
 1  -0.0000000 -0.0000000 -0.0242111  0.0000000  0.9997069
 2   0.0000000  0.0000000  0.9997069  0.0000000  0.0242111
 3  -0.0472233 -0.9167174  0.0000000 -0.3967356  0.0000000
 4  -0.0788540  0.3993604 -0.0000000 -0.9133966  0.0000000
 5   0.9957670 -0.0118494 -0.0000000 -0.0911460  0.0000000
 occupations
 0.551 -0.002 -0.000 -0.005  0.000
-0.002  0.482 -0.000 -0.009  0.000
-0.000 -0.000  0.475  0.000  0.004
-0.005 -0.009  0.000  0.499 -0.000
 0.000  0.000  0.004 -0.000  0.317
atom   20   spin  2
eigenvalues:  0.3174006 0.4746898 0.4780611 0.5021572 0.5514272
 eigenvectors
 1  -0.0000000 -0.0000000 -0.0242136  0.0000000  0.9997068
 2   0.0000000  0.0000000  0.9997068  0.0000000  0.0242136
 3  -0.0471903 -0.9168071  0.0000000 -0.3965322  0.0000000
 4  -0.0788647  0.3991549 -0.0000000 -0.9134855  0.0000000
 5   0.9957678 -0.0118352 -0.0000000 -0.0911400  0.0000000
 occupations
 0.551 -0.002 -0.000 -0.005  0.000
-0.002  0.482 -0.000 -0.009  0.000
-0.000 -0.000  0.475  0.000  0.004
-0.005 -0.009  0.000  0.499 -0.000
 0.000  0.000  0.004 -0.000  0.317
atom   21   Tr[ns(na)]=   4.6475126
atom   21   spin  1
eigenvalues:  0.3173954 0.4747087 0.4780756 0.5021628 0.5514353
 eigenvectors
 1  -0.0000002 -0.0000000 -0.0242115  0.0000000  0.9997069
 2   0.0000027  0.0000610  0.9997069  0.0000237  0.0242115
 3  -0.0472253 -0.9167099  0.0000655 -0.3967528  0.0000016
 4   0.0788520 -0.3993777  0.0000025  0.9133892  0.0000001
 5   0.9957671 -0.0118503  0.0000002 -0.0911451  0.0000002
 occupations
 0.551 -0.002  0.000 -0.005  0.000
-0.002  0.482 -0.000 -0.009 -0.000
 0.000 -0.000  0.475 -0.000  0.004
-0.005 -0.009 -0.000  0.499 -0.000
 0.000 -0.000  0.004 -0.000  0.317
atom   21   spin  2
eigenvalues:  0.3174003 0.4746900 0.4780606 0.5021567 0.5514270
 eigenvectors
 1  -0.0000003  0.0000003 -0.0242131 -0.0000000  0.9997068
 2   0.0000005 -0.0000024 -0.9997068 -0.0000005 -0.0242131
 3   0.0471914  0.9168068 -0.0000024  0.3965328 -0.0000003
 4  -0.0788642  0.3991556 -0.0000005 -0.9134852 -0.0000002
 5  -0.9957678  0.0118364 -0.0000005  0.0911399 -0.0000003
 occupations
 0.551 -0.002  0.000 -0.005  0.000
-0.002  0.482 -0.000 -0.009 -0.000
 0.000 -0.000  0.475  0.000  0.004
-0.005 -0.009  0.000  0.499  0.000
 0.000 -0.000  0.004  0.000  0.317
atom   22   Tr[ns(na)]=   4.6475134
atom   22   spin  1
eigenvalues:  0.3173954 0.4747080 0.4780756 0.5021631 0.5514355
 eigenvectors
 1  -0.0000006 -0.0000002 -0.0242109 -0.0000001  0.9997069
 2  -0.0000052 -0.0001273 -0.9997069 -0.0000473 -0.0242109
 3   0.0472277  0.9167098 -0.0001357  0.3967527 -0.0000031
 4   0.0788557 -0.3993780  0.0000073  0.9133888  0.0000002
 5   0.9957667 -0.0118510  0.0000006 -0.0911494  0.0000006
 occupations
 0.551 -0.002  0.000 -0.005  0.000
-0.002  0.482 -0.000 -0.009  0.000
 0.000 -0.000  0.475 -0.000  0.004
-0.005 -0.009 -0.000  0.499  0.000
 0.000  0.000  0.004  0.000  0.317
atom   22   spin  2
eigenvalues:  0.3174006 0.4746898 0.4780609 0.5021571 0.5514274
 eigenvectors
 1  -0.0000008  0.0000004 -0.0242128 -0.0000001  0.9997068
 2   0.0000023  0.0000118 -0.9997068  0.0000085 -0.0242128
 3   0.0471937  0.9168053  0.0000143  0.3965359  0.0000001
 4   0.0788679 -0.3991589  0.0000032  0.9134834  0.0000004
 5   0.9957673 -0.0118367  0.0000014 -0.0911443  0.0000008
 occupations
 0.551 -0.002  0.000 -0.005  0.000
-0.002  0.482  0.000 -0.009 -0.000
 0.000  0.000  0.475  0.000  0.004
-0.005 -0.009  0.000  0.499  0.000
 0.000 -0.000  0.004  0.000  0.317
atom   23   Tr[ns(na)]=   4.6475126
atom   23   spin  1
eigenvalues:  0.3173954 0.4747087 0.4780756 0.5021628 0.5514353
 eigenvectors
 1   0.0000002  0.0000000 -0.0242115 -0.0000000  0.9997069
 2   0.0000027  0.0000610 -0.9997069  0.0000237 -0.0242115
 3   0.0472253  0.9167099  0.0000655  0.3967528  0.0000016
 4   0.0788520 -0.3993777 -0.0000025  0.9133892 -0.0000001
 5   0.9957671 -0.0118503 -0.0000002 -0.0911451 -0.0000002
 occupations
 0.551 -0.002 -0.000 -0.005 -0.000
-0.002  0.482  0.000 -0.009  0.000
-0.000  0.000  0.475  0.000  0.004
-0.005 -0.009  0.000  0.499  0.000
-0.000  0.000  0.004  0.000  0.317
atom   23   spin  2
eigenvalues:  0.3174003 0.4746900 0.4780606 0.5021567 0.5514270
 eigenvectors
 1   0.0000003 -0.0000003 -0.0242131  0.0000000  0.9997068
 2   0.0000005 -0.0000024  0.9997068 -0.0000005  0.0242131
 3  -0.0471914 -0.9168068 -0.0000024 -0.3965328 -0.0000003
 4  -0.0788642  0.3991556  0.0000005 -0.9134852  0.0000002
 5  -0.9957678  0.0118364  0.0000005  0.0911399  0.0000003
 occupations
 0.551 -0.002 -0.000 -0.005 -0.000
-0.002  0.482  0.000 -0.009  0.000
-0.000  0.000  0.475 -0.000  0.004
-0.005 -0.009 -0.000  0.499 -0.000
-0.000  0.000  0.004 -0.000  0.317
atom   24   Tr[ns(na)]=   4.6475134
atom   24   spin  1
eigenvalues:  0.3173954 0.4747080 0.4780756 0.5021631 0.5514355
 eigenvectors
 1   0.0000006  0.0000002 -0.0242109  0.0000001  0.9997069
 2  -0.0000052 -0.0001273  0.9997069 -0.0000473  0.0242109
 3  -0.0472277 -0.9167098 -0.0001357 -0.3967527 -0.0000031
 4   0.0788557 -0.3993780 -0.0000073  0.9133888 -0.0000002
 5   0.9957667 -0.0118510 -0.0000006 -0.0911494 -0.0000006
 occupations
 0.551 -0.002 -0.000 -0.005 -0.000
-0.002  0.482  0.000 -0.009 -0.000
-0.000  0.000  0.475  0.000  0.004
-0.005 -0.009  0.000  0.499 -0.000
-0.000 -0.000  0.004 -0.000  0.317
atom   24   spin  2
eigenvalues:  0.3174006 0.4746898 0.4780609 0.5021571 0.5514274
 eigenvectors
 1   0.0000008 -0.0000004 -0.0242128  0.0000001  0.9997068
 2   0.0000023  0.0000118  0.9997068  0.0000085  0.0242128
 3  -0.0471937 -0.9168053  0.0000143 -0.3965359  0.0000001
 4   0.0788679 -0.3991589 -0.0000032  0.9134834 -0.0000004
 5   0.9957673 -0.0118367 -0.0000014 -0.0911443 -0.0000008
 occupations
 0.551 -0.002 -0.000 -0.005 -0.000
-0.002  0.482 -0.000 -0.009  0.000
-0.000 -0.000  0.475 -0.000  0.004
-0.005 -0.009 -0.000  0.499 -0.000
-0.000  0.000  0.004 -0.000  0.317
nsum = 111.5402388
 exit write_ns
 Atomic wfc used for LDA+U Projector are NOT orthogonalized
     Starting wfc from file
 
  total number of bands =          806
  band subset =            1  ...          806
  number of bands in subset =          806

     starting charge  672.00000
 LDA+U - reading occupations
  0.550965339969491       1.624180921363878E-003 -4.326843729979691E-016
 -4.923112728665676E-003  1.347205014588079E-015  1.624180921363878E-003
  0.481927293865261      -1.245879441310795E-015  8.707499614423178E-003
  1.043177606081864E-015 -4.326843729979691E-016 -1.245879441310795E-015
  0.474616948951178       5.707875084747570E-016 -3.807676562348853E-003
 -4.923112728665676E-003  8.707499614423178E-003  5.707875084747570E-016
  0.498780616456166      -1.820311800140030E-015  1.347205014588079E-015
  1.043177606081864E-015 -3.807676562348853E-003 -1.820311800140030E-015
  0.317487716737496       0.550957179726342       1.623162280860089E-003
 -4.326625985101932E-016 -4.922241971810350E-003  1.347215264813525E-015
  1.623162280860089E-003  0.481909850386260      -1.245834342921599E-015
  8.706854356764470E-003  1.043143914399061E-015 -4.326625985101932E-016
 -1.245834342921599E-015  0.474597974355988       5.707736894475545E-016
 -3.807412815306488E-003 -4.922241971810350E-003  8.706854356764470E-003
  5.707736894475545E-016  0.498777298484511      -1.820334267007602E-015
  1.347215264813525E-015  1.043143914399061E-015 -3.807412815306488E-003
 -1.820334267007602E-015  0.317492534627140       0.550965366154272     
  1.624161630990328E-003 -4.326845672646702E-016 -4.923263718668048E-003
  1.347204407371704E-015  1.624161630990328E-003  0.481926875103614     
 -1.245878292159000E-015  8.707516272331319E-003  1.043176620790884E-015
 -4.326845672646702E-016 -1.245878292159000E-015  0.474617128160298     
  5.707875428747623E-016 -3.807621591891993E-003 -4.923263718668048E-003
  8.707516272331319E-003  5.707875428747623E-016  0.498780828520463     
 -1.820310974809287E-015  1.347204407371704E-015  1.043176620790884E-015
 -3.807621591891993E-003 -1.820310974809287E-015  0.317487521493554     
  0.550957386253808       1.623154515547255E-003 -4.326623950599156E-016
 -4.922363149364481E-003  1.347216461977362E-015  1.623154515547255E-003
  0.481910497133477      -1.245835919257051E-015  8.706812059384521E-003
  1.043145314304581E-015 -4.326623950599156E-016 -1.245835919257051E-015
  0.474597542874272       5.707737908567126E-016 -3.807414420968471E-003
 -4.922363149364481E-003  8.706812059384521E-003  5.707737908567126E-016
  0.498777615104629      -1.820336042488093E-015  1.347216461977362E-015
  1.043145314304581E-015 -3.807414420968471E-003 -1.820336042488093E-015
  0.317492837877256       0.550965369520334       1.624204371007210E-003
  1.027085475100483E-008 -4.923255521482976E-003 -5.066260850881870E-008
  1.624204371007210E-003  0.481927904087466       2.294243254535849E-007
  8.707467965447000E-003 -5.018083733844971E-009  1.027085475100483E-008
  2.294243254535849E-007  0.474616499266030      -2.688657889896561E-008
 -3.807671295997167E-003 -4.923255521482976E-003  8.707467965447000E-003
 -2.688657889896561E-008  0.498780524874993       2.548974715856577E-009
 -5.066260850881870E-008 -5.018083733844971E-009 -3.807671295997167E-003
  2.548974715856577E-009  0.317487662984567       0.550957202371384     
  1.623240569447685E-003  4.066666625103023E-008 -4.922393317258245E-003
 -7.462093236292567E-008  1.623240569447685E-003  0.481910029514225     
  1.244226658760278E-008  8.706844142054582E-003 -4.245181549652502E-008
  4.066666625103023E-008  1.244226658760278E-008  0.474597758139959     
  5.577791607700790E-009 -3.807361071968928E-003 -4.922393317258245E-003
  8.706844142054582E-003  5.577791607700790E-009  0.498777176416297     
 -3.950826115103829E-009 -7.462093236292567E-008 -4.245181549652502E-008
 -3.807361071968928E-003 -3.950826115103829E-009  0.317492499847745     
  0.550965515809344       1.624302138064633E-003  3.987478788392467E-008
 -4.923490439945122E-003 -1.485744966221980E-007  1.624302138064633E-003
  0.481927911476966       4.999182139884940E-007  8.707556468378371E-003
  1.519211233376214E-008  3.987478788392467E-008  4.999182139884940E-007
  0.474615785123096      -3.524673682791696E-009 -3.807564572209387E-003
 -4.923490439945122E-003  8.707556468378371E-003 -3.524673682791696E-009
  0.498780746636779      -1.132041785620189E-008 -1.485744966221980E-007
  1.519211233376214E-008 -3.807564572209387E-003 -1.132041785620189E-008
  0.317487591962228       0.550957573500524       1.623310234290488E-003
  1.110137156031866E-007 -4.922642491379513E-003 -1.940309268550724E-007
  1.623310234290488E-003  0.481910373505807      -8.790760763863112E-009
  8.706913834728812E-003 -6.220997570494369E-008  1.110137156031866E-007
 -8.790760763863112E-009  0.474597606022823       9.045202867512090E-008
 -3.807294730950316E-003 -4.922642491379513E-003  8.706913834728812E-003
  9.045202867512090E-008  0.498777473497617      -2.362927838842661E-008
 -1.940309268550724E-007 -6.220997570494369E-008 -3.807294730950316E-003
 -2.362927838842661E-008  0.317492776027968       0.550965369520334     
  1.624204371007210E-003 -1.027085561637340E-008 -4.923255521482975E-003
  5.066261120322864E-008  1.624204371007210E-003  0.481927904087465     
 -2.294243279453463E-007  8.707467965446997E-003  5.018085820202225E-009
 -1.027085561637340E-008 -2.294243279453463E-007  0.474616499266030     
  2.688658004054036E-008 -3.807671295997167E-003 -4.923255521482975E-003
  8.707467965446997E-003  2.688658004054036E-008  0.498780524874993     
 -2.548978356479721E-009  5.066261120322864E-008  5.018085820202225E-009
 -3.807671295997167E-003 -2.548978356479721E-009  0.317487662984567     
  0.550957202371383       1.623240569447685E-003 -4.066666711635481E-008
 -4.922393317258247E-003  7.462093505735630E-008  1.623240569447685E-003
  0.481910029514225      -1.244226907927272E-008  8.706844142054578E-003
  4.245181758281332E-008 -4.066666711635481E-008 -1.244226907927272E-008
  0.474597758139959      -5.577790466154237E-009 -3.807361071968929E-003
 -4.922393317258247E-003  8.706844142054578E-003 -5.577790466154237E-009
  0.498777176416297       3.950822474435618E-009  7.462093505735630E-008
  4.245181758281332E-008 -3.807361071968929E-003  3.950822474435618E-009
  0.317492499847745       0.550965515809344       1.624302138064633E-003
 -3.987478874929038E-008 -4.923490439945124E-003  1.485744993166078E-007
  1.624302138064633E-003  0.481927911476966      -4.999182164802599E-007
  8.707556468378374E-003 -1.519211024740419E-008 -3.987478874929038E-008
 -4.999182164802599E-007  0.474615785123096       3.524674824363772E-009
 -3.807564572209387E-003 -4.923490439945124E-003  8.707556468378374E-003
  3.524674824363772E-009  0.498780746636779       1.132041421557934E-008
  1.485744993166078E-007 -1.519211024740419E-008 -3.807564572209387E-003
  1.132041421557934E-008  0.317487591962228       0.550957573500524     
  1.623310234290488E-003 -1.110137164685116E-007 -4.922642491379511E-003
  1.940309295495063E-007  1.623310234290488E-003  0.481910373505806     
  8.790758272194539E-009  8.706913834728812E-003  6.220997779123405E-008
 -1.110137164685116E-007  8.790758272194539E-009  0.474597606022823     
 -9.045202753357520E-008 -3.807294730950316E-003 -4.922642491379511E-003
  8.706913834728812E-003 -9.045202753357520E-008  0.498777473497617     
  2.362927474775571E-008  1.940309295495063E-007  6.220997779123405E-008
 -3.807294730950316E-003  2.362927474775571E-008  0.317492776027968     
  0.550963071512098       1.624592655594194E-003 -4.861368563909037E-009
 -4.923330964203154E-003  8.252444016320542E-008  1.624592655594194E-003
  0.481925962763868      -1.154313328902569E-007  8.707143675088545E-003
 -6.594290522930195E-009 -4.861368563909037E-009 -1.154313328902569E-007
  0.474614992994579       8.112333648106340E-009 -3.807191975057039E-003
 -4.923330964203154E-003  8.707143675088545E-003  8.112333648106340E-009
  0.498781937055446       1.992101329198241E-008  8.252444016320542E-008
 -6.594290522930195E-009 -3.807191975057039E-003  1.992101329198241E-008
  0.317488763955613       0.550955118660795       1.623640345289831E-003
 -6.931627572751557E-008 -4.922473625118347E-003  1.029029947912293E-007
  1.623640345289831E-003  0.481908618010842      -5.123811938661305E-008
  8.706533317852160E-003  5.822691890104603E-009 -6.931627572751557E-008
 -5.123811938661305E-008  0.474595941810235      -5.409201297196089E-008
 -3.806971684670200E-003 -4.922473625118347E-003  8.706533317852160E-003
 -5.409201297196089E-008  0.498778645344059       2.614191148100404E-008
  1.029029947912293E-007  5.822691890104603E-009 -3.806971684670200E-003
  2.614191148100404E-008  0.317494221337826       0.550963039726791     
  1.624555896762018E-003  1.378557545958798E-008 -4.923124269806776E-003
 -1.939636355228845E-008  1.624555896762018E-003  0.481926186815443     
  2.627539416783499E-008  8.707077678396888E-003  2.338807868224441E-009
  1.378557545958798E-008  2.627539416783499E-008  0.474614969141103     
  1.454317503173441E-008 -3.807286689509793E-003 -4.923124269806776E-003
  8.707077678396888E-003  1.454317503173441E-008  0.498781744229607     
  4.228164946609081E-009 -1.939636355228845E-008  2.338807868224441E-009
