
     Program SHIRLEY v.4.3      starts on 10Sep2018 at 22:32:12 

     This program is part of the open-source Quantum ESPRESSO suite
     for quantum simulation of materials; please cite
         "P. Giannozzi et al., J. Phys.:Condens. Matter 21 395502 (2009);
          URL http://www.quantum-espresso.org", 
     in publications or presentations arising from this work. More details at
     http://www.quantum-espresso.org/wiki/index.php/Citing_Quantum-ESPRESSO

     Parallel version (MPI), running on    64 processors
     R & G space division:  proc/pool =   64

     Ultrasoft (Vanderbilt) Pseudopotentials

     Current dimensions of program PWSCF are:
     Max number of different atomic species (ntypx) = **
     Max number of k-points (npk) =  40000
     Max angular momentum in pseudopotentials (lmaxx) =  3
         nkstot =            2
           lsda =  T
       noncolin =  F

   Info: using nr1, nr2, nr3 values from input

   Info: using nr1s, nr2s, nr3s values from input
         nspin =            2
          npol =            1
  current_spin =            0
 
   Stick Mesh
   ----------
   nst = 10457,  nstw =  1035, nsts =  4177
               n.st   n.stw   n.sts    n.g    n.gw   n.gs
   min         163      16      65    9923     312    2501
   max         164      17      66    9926     317    2526
      10457    1035    4177  635163   20075  160693
 
  setting U_projection_type to atomic

     Check: negative/imaginary core charge=   -0.000004    0.000000

     The potential is recalculated from file :
     ./v2o5.O25-FCH.save/charge-density.dat


     negative rho (up, down):  0.118E-01 0.118E-01

     Parameters of the lda+U calculation:
     Number of iteration with fixed ns =  0
     Starting ns and Hubbard U :
 enter write_ns
U( 1) =  0.0000      U( 2) =  3.1000      U( 3) =  0.0000
alpha( 1) =  0.0000      alpha( 2) =  0.0000      alpha( 3) =  0.0000
atom    1   Tr[ns(na)]=   4.6056880
atom    1   spin  1
eigenvalues:  0.3099542 0.4507600 0.4873528 0.4992938 0.5556167
 eigenvectors
 1  -0.0692554  0.0082514 -0.0578785 -0.1706064  0.9811621
 2  -0.1616889  0.0530149 -0.7720912 -0.5909890 -0.1601664
 3   0.1632651 -0.5864927 -0.5354604  0.5790788  0.0855611
 4   0.1235283  0.8081583 -0.3373535  0.4625086  0.0624443
 5  -0.9628840 -0.0052621 -0.0002573  0.2690335 -0.0211561
 occupations
 0.549  0.002 -0.006 -0.023  0.013
 0.002  0.495 -0.002  0.006 -0.001
-0.006 -0.002  0.466 -0.020  0.005
-0.023  0.006 -0.020  0.477  0.026
 0.013 -0.001  0.005  0.026  0.316
atom    1   spin  2
eigenvalues:  0.3099374 0.4506827 0.4872738 0.4992276 0.5555891
 eigenvectors
 1  -0.0692592  0.0082577 -0.0579214 -0.1705999  0.9811604
 2  -0.1614313  0.0528603 -0.7728657 -0.5900872 -0.1600670
 3   0.1633075 -0.5875221 -0.5342203  0.5791575  0.0856370
 4   0.1239228  0.8074209 -0.3375385  0.4635308  0.0626228
 5  -0.9628691 -0.0051867 -0.0003060  0.2690885 -0.0211545
 occupations
 0.549  0.002 -0.006 -0.023  0.013
 0.002  0.495 -0.002  0.006 -0.001
-0.006 -0.002  0.466 -0.020  0.005
-0.023  0.006 -0.020  0.477  0.026
 0.013 -0.001  0.005  0.026  0.316
atom    2   Tr[ns(na)]=   4.6428958
atom    2   spin  1
eigenvalues:  0.3208193 0.4710768 0.4771499 0.5035530 0.5488451
 eigenvectors
 1  -0.0016046 -0.0005815  0.0169926 -0.0051133  0.9998411
 2  -0.0226219  0.0679945  0.9972719 -0.0050674 -0.0169716
 3  -0.0540924  0.9322411 -0.0665774 -0.3515222 -0.0002109
 4  -0.0910191 -0.3548401  0.0173094 -0.9303092 -0.0054043
 5   0.9941203  0.0197835  0.0206832 -0.1044275  0.0007213
 occupations
 0.548  0.002  0.002 -0.005  0.000
 0.002  0.480 -0.001  0.009  0.000
 0.002 -0.001  0.471 -0.001 -0.003
-0.005  0.009 -0.001  0.501  0.001
 0.000  0.000 -0.003  0.001  0.321
atom    2   spin  2
eigenvalues:  0.3208203 0.4710796 0.4771522 0.5035539 0.5488457
 eigenvectors
 1  -0.0016045 -0.0005815  0.0169932 -0.0051131  0.9998411
 2  -0.0226232  0.0679975  0.9972717 -0.0050685 -0.0169722
 3  -0.0540964  0.9322353 -0.0665805 -0.3515366 -0.0002108
 4  -0.0910185 -0.3548548  0.0173103 -0.9303036 -0.0054041
 5   0.9941201  0.0197859  0.0206842 -0.1044286  0.0007212
 occupations
 0.548  0.002  0.002 -0.005  0.000
 0.002  0.480 -0.001  0.009  0.000
 0.002 -0.001  0.471 -0.001 -0.003
-0.005  0.009 -0.001  0.501  0.001
 0.000  0.000 -0.003  0.001  0.321
atom    3   Tr[ns(na)]=   4.6056880
atom    3   spin  1
eigenvalues:  0.3099542 0.4507600 0.4873528 0.4992938 0.5556167
 eigenvectors
 1   0.0692554 -0.0082514 -0.0578785  0.1706064  0.9811621
 2  -0.1616889  0.0530149  0.7720912 -0.5909890  0.1601664
 3  -0.1632651  0.5864927 -0.5354604 -0.5790788  0.0855611
 4   0.1235283  0.8081583  0.3373535  0.4625086 -0.0624443
 5  -0.9628840 -0.0052621  0.0002573  0.2690335  0.0211561
 occupations
 0.549  0.002  0.006 -0.023 -0.013
 0.002  0.495  0.002  0.006  0.001
 0.006  0.002  0.466  0.020  0.005
-0.023  0.006  0.020  0.477 -0.026
-0.013  0.001  0.005 -0.026  0.316
atom    3   spin  2
eigenvalues:  0.3099374 0.4506827 0.4872738 0.4992276 0.5555891
 eigenvectors
 1   0.0692592 -0.0082577 -0.0579214  0.1705999  0.9811604
 2  -0.1614313  0.0528603  0.7728657 -0.5900872  0.1600670
 3  -0.1633075  0.5875221 -0.5342203 -0.5791575  0.0856370
 4   0.1239228  0.8074209  0.3375385  0.4635308 -0.0626228
 5  -0.9628691 -0.0051867  0.0003060  0.2690885  0.0211545
 occupations
 0.549  0.002  0.006 -0.023 -0.013
 0.002  0.495  0.002  0.006  0.001
 0.006  0.002  0.466  0.020  0.005
-0.023  0.006  0.020  0.477 -0.026
-0.013  0.001  0.005 -0.026  0.316
atom    4   Tr[ns(na)]=   4.6428958
atom    4   spin  1
eigenvalues:  0.3208193 0.4710768 0.4771499 0.5035530 0.5488451
 eigenvectors
 1   0.0016046  0.0005815  0.0169926  0.0051133  0.9998411
 2  -0.0226219  0.0679945 -0.9972719 -0.0050674  0.0169716
 3   0.0540924 -0.9322411 -0.0665774  0.3515222 -0.0002109
 4  -0.0910191 -0.3548401 -0.0173094 -0.9303092  0.0054043
 5   0.9941203  0.0197835 -0.0206832 -0.1044275 -0.0007213
 occupations
 0.548  0.002 -0.002 -0.005 -0.000
 0.002  0.480  0.001  0.009 -0.000
-0.002  0.001  0.471  0.001 -0.003
-0.005  0.009  0.001  0.501 -0.001
-0.000 -0.000 -0.003 -0.001  0.321
atom    4   spin  2
eigenvalues:  0.3208203 0.4710796 0.4771522 0.5035539 0.5488457
 eigenvectors
 1   0.0016045  0.0005815  0.0169932  0.0051131  0.9998411
 2  -0.0226232  0.0679975 -0.9972717 -0.0050685  0.0169722
 3   0.0540964 -0.9322353 -0.0665805  0.3515366 -0.0002108
 4  -0.0910185 -0.3548548 -0.0173103 -0.9303036  0.0054041
 5   0.9941201  0.0197859 -0.0206842 -0.1044286 -0.0007212
 occupations
 0.548  0.002 -0.002 -0.005 -0.000
 0.002  0.480  0.001  0.009 -0.000
-0.002  0.001  0.471  0.001 -0.003
-0.005  0.009  0.001  0.501 -0.001
-0.000 -0.000 -0.003 -0.001  0.321
atom    5   Tr[ns(na)]=   4.6397847
atom    5   spin  1
eigenvalues:  0.3152921 0.4721971 0.4803706 0.4994641 0.5525666
 eigenvectors
 1  -0.0000000 -0.0000000  0.0125571  0.0000000  0.9999212
 2   0.0000000 -0.0000000 -0.9999212  0.0000000  0.0125571
 3   0.0771337 -0.8541937  0.0000000  0.5142018 -0.0000000
 4   0.1076388  0.5198584  0.0000000  0.8474439 -0.0000000
 5  -0.9911934 -0.0100184  0.0000000  0.1320430 -0.0000000
 occupations
 0.552  0.002 -0.000 -0.008  0.000
 0.002  0.486 -0.000  0.008  0.000
-0.000 -0.000  0.472  0.000 -0.002
-0.008  0.008  0.000  0.495 -0.000
 0.000  0.000 -0.002 -0.000  0.315
atom    5   spin  2
eigenvalues:  0.3152893 0.4721986 0.4803736 0.4994651 0.5525674
 eigenvectors
 1  -0.0000000 -0.0000000  0.0125657  0.0000000  0.9999210
 2   0.0000000 -0.0000000 -0.9999210  0.0000000  0.0125657
 3   0.0771512 -0.8541465  0.0000000  0.5142776 -0.0000000
 4   0.1076351  0.5199359  0.0000000  0.8473968 -0.0000000
 5  -0.9911924 -0.0100233  0.0000000  0.1320498 -0.0000000
 occupations
 0.552  0.002 -0.000 -0.008  0.000
 0.002  0.486 -0.000  0.008  0.000
-0.000 -0.000  0.472  0.000 -0.002
-0.008  0.008  0.000  0.495 -0.000
 0.000  0.000 -0.002 -0.000  0.315
atom    6   Tr[ns(na)]=   4.6414347
atom    6   spin  1
eigenvalues:  0.3171295 0.4731566 0.4780778 0.5018123 0.5505404
 eigenvectors
 1  -0.0000000 -0.0000000  0.0206137  0.0000000  0.9997875
 2   0.0000000 -0.0000000 -0.9997875  0.0000000  0.0206137
 3   0.0572399 -0.9118017  0.0000000  0.4066218 -0.0000000
 4   0.0925532  0.4103820  0.0000000  0.9072048 -0.0000000
 5  -0.9940611 -0.0142942  0.0000000  0.1078804 -0.0000000
 occupations
 0.550  0.002 -0.000 -0.006  0.000
 0.002  0.482 -0.000  0.009  0.000
-0.000 -0.000  0.473  0.000 -0.003
-0.006  0.009  0.000  0.498 -0.000
 0.000  0.000 -0.003 -0.000  0.317
atom    6   spin  2
eigenvalues:  0.3171295 0.4731571 0.4780783 0.5018125 0.5505407
 eigenvectors
 1  -0.0000000 -0.0000000  0.0206150  0.0000000  0.9997875
 2   0.0000000 -0.0000000 -0.9997875  0.0000000  0.0206150
 3   0.0572413 -0.9117965  0.0000000  0.4066333 -0.0000000
 4   0.0925491  0.4103935  0.0000000  0.9072000 -0.0000000
 5  -0.9940614 -0.0142957  0.0000000  0.1078774 -0.0000000
 occupations
 0.550  0.002 -0.000 -0.006  0.000
 0.002  0.482 -0.000  0.009  0.000
-0.000 -0.000  0.473  0.000 -0.003
-0.006  0.009  0.000  0.498 -0.000
 0.000  0.000 -0.003 -0.000  0.317
atom    7   Tr[ns(na)]=   4.6429627
atom    7   spin  1
eigenvalues:  0.3217953 0.4725163 0.4744831 0.5035216 0.5491607
 eigenvectors
 1  -0.0000000 -0.0000000  0.0169071  0.0000000  0.9998571
 2   0.0000000 -0.0000000 -0.9998571  0.0000000  0.0169071
 3   0.0656083 -0.9348895  0.0000000  0.3488225 -0.0000000
 4  -0.0831656 -0.3534826 -0.0000000 -0.9317369  0.0000000
 5   0.9943737  0.0321197 -0.0000000 -0.1009420  0.0000000
 occupations
 0.549  0.003 -0.000 -0.005  0.000
 0.003  0.478 -0.000  0.009  0.000
-0.000 -0.000  0.472  0.000 -0.003
-0.005  0.009  0.000  0.500 -0.000
 0.000  0.000 -0.003 -0.000  0.322
atom    7   spin  2
eigenvalues:  0.3217965 0.4725191 0.4744855 0.5035225 0.5491620
 eigenvectors
 1  -0.0000000 -0.0000000  0.0169069  0.0000000  0.9998571
 2   0.0000000 -0.0000000 -0.9998571  0.0000000  0.0169069
 3   0.0656103 -0.9348851  0.0000000  0.3488340 -0.0000000
 4  -0.0831635 -0.3534941 -0.0000000 -0.9317326  0.0000000
 5   0.9943737  0.0321210 -0.0000000 -0.1009412  0.0000000
 occupations
 0.549  0.003 -0.000 -0.005  0.000
 0.003  0.478 -0.000  0.009  0.000
-0.000 -0.000  0.472  0.000 -0.003
-0.005  0.009  0.000  0.500 -0.000
 0.000  0.000 -0.003 -0.000  0.322
atom    8   Tr[ns(na)]=   4.6392437
atom    8   spin  1
eigenvalues:  0.3387927 0.4470387 0.4815569 0.4999603 0.5522189
 eigenvectors
 1  -0.0000000 -0.0000000  0.0237564  0.0000000  0.9997178
 2  -0.0435257 -0.6810164 -0.0000000  0.7309735 -0.0000000
 3  -0.0000000  0.0000000 -0.9997178 -0.0000000  0.0237564
 4   0.0071629 -0.7318608 -0.0000000 -0.6814165  0.0000000
 5   0.9990266 -0.0244232 -0.0000000  0.0367328  0.0000000
 occupations
 0.552 -0.003 -0.000  0.004  0.000
-0.003  0.475 -0.000  0.026  0.000
-0.000 -0.000  0.481  0.000 -0.003
 0.004  0.026  0.000  0.472 -0.000
 0.000  0.000 -0.003 -0.000  0.339
atom    8   spin  2
eigenvalues:  0.3387983 0.4470668 0.4815963 0.4999836 0.5522312
 eigenvectors
 1  -0.0000000 -0.0000000  0.0237666  0.0000000  0.9997175
 2  -0.0435243 -0.6807654 -0.0000000  0.7312073 -0.0000000
 3  -0.0000000  0.0000000 -0.9997175 -0.0000000  0.0237666
 4   0.0071414 -0.7320941 -0.0000000 -0.6811660  0.0000000
 5   0.9990268 -0.0244254 -0.0000000  0.0367255  0.0000000
 occupations
 0.552 -0.003 -0.000  0.004  0.000
-0.003  0.475 -0.000  0.026  0.000
-0.000 -0.000  0.482  0.000 -0.003
 0.004  0.026  0.000  0.472 -0.000
 0.000  0.000 -0.003 -0.000  0.339
atom    9   Tr[ns(na)]=   4.6420389
atom    9   spin  1
eigenvalues:  0.3182005 0.4731373 0.4770888 0.5020180 0.5505757
 eigenvectors
 1  -0.0015189 -0.0005001  0.0201895 -0.0035120  0.9997887
 2  -0.0031056  0.0254947  0.9994527  0.0053232 -0.0201559
 3  -0.0553122  0.9125732 -0.0213079 -0.4045940 -0.0006185
 4  -0.0890141 -0.4078660  0.0148894 -0.9085623 -0.0038314
 5   0.9944874  0.0143280  0.0032995 -0.1038149  0.0010867
 occupations
 0.550  0.002  0.000 -0.006  0.000
 0.002  0.481 -0.000  0.009  0.000
 0.000 -0.000  0.473 -0.000 -0.003
-0.006  0.009 -0.000  0.498  0.001
 0.000  0.000 -0.003  0.001  0.318
atom    9   spin  2
eigenvalues:  0.3182006 0.4731364 0.4770883 0.5020179 0.5505756
 eigenvectors
 1  -0.0015188 -0.0005006  0.0201898 -0.0035121  0.9997887
 2  -0.0031040  0.0254839  0.9994530  0.0053287 -0.0201563
 3  -0.0553114  0.9125729 -0.0212957 -0.4045954 -0.0006183
 4  -0.0890110 -0.4078673  0.0148901 -0.9085620 -0.0038318
 5   0.9944877  0.0143283  0.0032986 -0.1038118  0.0010866
 occupations
 0.550  0.002  0.000 -0.006  0.000
 0.002  0.481 -0.000  0.009  0.000
 0.000 -0.000  0.473 -0.000 -0.003
-0.006  0.009 -0.000  0.498  0.001
 0.000  0.000 -0.003  0.001  0.318
atom   10   Tr[ns(na)]=   4.6415899
atom   10   spin  1
eigenvalues:  0.3181589 0.4733216 0.4779731 0.4992747 0.5520628
 eigenvectors
 1  -0.0070754  0.0005107  0.0215722 -0.0115684  0.9996752
 2  -0.0328935  0.1619274 -0.9630624 -0.2118578  0.0180149
 3   0.0638997 -0.8180427 -0.2522955  0.5127572  0.0122483
 4   0.0985970  0.5518832 -0.0913829  0.8229282  0.0119110
 5   0.9925036  0.0032127 -0.0064425 -0.1218674  0.0057518
 occupations
 0.551  0.001 -0.001 -0.007  0.002
 0.001  0.484 -0.000  0.010  0.000
-0.001 -0.000  0.474 -0.002 -0.003
-0.007  0.010 -0.002  0.493  0.002
 0.002  0.000 -0.003  0.002  0.318
atom   10   spin  2
eigenvalues:  0.3181592 0.4733249 0.4779752 0.4992757 0.5520639
 eigenvectors
 1  -0.0070762  0.0005111  0.0215731 -0.0115696  0.9996752
 2  -0.0329032  0.1620066 -0.9630327 -0.2119310  0.0180138
 3   0.0638998 -0.8180129 -0.2524039  0.5127513  0.0122517
 4   0.0985925  0.5519042 -0.0913969  0.8229131  0.0119120
 5   0.9925037  0.0032154 -0.0064429 -0.1218664  0.0057524
 occupations
 0.551  0.001 -0.001 -0.007  0.002
 0.001  0.484 -0.000  0.010  0.000
-0.001 -0.000  0.474 -0.002 -0.003
-0.007  0.010 -0.002  0.493  0.002
 0.002  0.000 -0.003  0.002  0.318
atom   11   Tr[ns(na)]=   4.6420389
atom   11   spin  1
eigenvalues:  0.3182005 0.4731373 0.4770888 0.5020180 0.5505757
 eigenvectors
 1   0.0015189  0.0005001  0.0201895  0.0035120  0.9997887
 2  -0.0031056  0.0254947 -0.9994527  0.0053232  0.0201559
 3   0.0553122 -0.9125732 -0.0213079  0.4045940 -0.0006185
 4  -0.0890141 -0.4078660 -0.0148894 -0.9085623  0.0038314
 5   0.9944874  0.0143280 -0.0032995 -0.1038149 -0.0010867
 occupations
 0.550  0.002 -0.000 -0.006 -0.000
 0.002  0.481  0.000  0.009 -0.000
-0.000  0.000  0.473  0.000 -0.003
-0.006  0.009  0.000  0.498 -0.001
-0.000 -0.000 -0.003 -0.001  0.318
atom   11   spin  2
eigenvalues:  0.3182006 0.4731364 0.4770883 0.5020179 0.5505756
 eigenvectors
 1   0.0015188  0.0005006  0.0201898  0.0035121  0.9997887
 2  -0.0031040  0.0254839 -0.9994530  0.0053287  0.0201563
 3   0.0553114 -0.9125729 -0.0212957  0.4045954 -0.0006183
 4  -0.0890110 -0.4078673 -0.0148901 -0.9085620  0.0038318
 5   0.9944877  0.0143283 -0.0032986 -0.1038118 -0.0010866
 occupations
 0.550  0.002 -0.000 -0.006 -0.000
 0.002  0.481  0.000  0.009 -0.000
-0.000  0.000  0.473  0.000 -0.003
-0.006  0.009  0.000  0.498 -0.001
-0.000 -0.000 -0.003 -0.001  0.318
atom   12   Tr[ns(na)]=   4.6415899
atom   12   spin  1
eigenvalues:  0.3181589 0.4733216 0.4779731 0.4992747 0.5520628
 eigenvectors
 1   0.0070754 -0.0005107  0.0215722  0.0115684  0.9996752
 2  -0.0328935  0.1619274  0.9630624 -0.2118578 -0.0180149
 3  -0.0638997  0.8180427 -0.2522955 -0.5127572  0.0122483
 4   0.0985970  0.5518832  0.0913829  0.8229282 -0.0119110
 5   0.9925036  0.0032127  0.0064425 -0.1218674 -0.0057518
 occupations
 0.551  0.001  0.001 -0.007 -0.002
 0.001  0.484  0.000  0.010 -0.000
 0.001  0.000  0.474  0.002 -0.003
-0.007  0.010  0.002  0.493 -0.002
-0.002 -0.000 -0.003 -0.002  0.318
atom   12   spin  2
eigenvalues:  0.3181592 0.4733249 0.4779752 0.4992757 0.5520639
 eigenvectors
 1   0.0070762 -0.0005111  0.0215731  0.0115696  0.9996752
 2  -0.0329032  0.1620066  0.9630327 -0.2119310 -0.0180138
 3  -0.0638998  0.8180129 -0.2524039 -0.5127513  0.0122517
 4   0.0985925  0.5519042  0.0913969  0.8229131 -0.0119120
 5   0.9925037  0.0032154  0.0064429 -0.1218664 -0.0057524
 occupations
 0.551  0.001  0.001 -0.007 -0.002
 0.001  0.484  0.000  0.010 -0.000
 0.001  0.000  0.474  0.002 -0.003
-0.007  0.010  0.002  0.493 -0.002
-0.002 -0.000 -0.003 -0.002  0.318
atom   13   Tr[ns(na)]=   4.6400570
atom   13   spin  1
eigenvalues:  0.3160481 0.4749525 0.4770331 0.5017118 0.5502802
 eigenvectors
 1  -0.0000000 -0.0000000 -0.0247026  0.0000000  0.9996948
 2   0.0000000  0.0000000  0.9996948  0.0000000  0.0247026
 3  -0.0390861 -0.9232299  0.0000000 -0.3822549  0.0000000
 4  -0.0697406  0.3841348 -0.0000000 -0.9206393  0.0000000
 5   0.9967991 -0.0093255 -0.0000000 -0.0794009  0.0000000
 occupations
 0.550 -0.001 -0.000 -0.004  0.000
-0.001  0.481 -0.000 -0.009  0.000
-0.000 -0.000  0.475  0.000  0.004
-0.004 -0.009  0.000  0.498 -0.000
 0.000  0.000  0.004 -0.000  0.316
atom   13   spin  2
eigenvalues:  0.3160481 0.4749546 0.4770353 0.5017124 0.5502809
 eigenvectors
 1  -0.0000000 -0.0000000 -0.0247038  0.0000000  0.9996948
 2   0.0000000  0.0000000  0.9996948  0.0000000  0.0247038
 3  -0.0390909 -0.9232222  0.0000000 -0.3822730  0.0000000
 4  -0.0697416  0.3841533 -0.0000000 -0.9206315  0.0000000
 5   0.9967989 -0.0093280 -0.0000000 -0.0794039  0.0000000
 occupations
 0.550 -0.001 -0.000 -0.004  0.000
-0.001  0.481 -0.000 -0.009  0.000
-0.000 -0.000  0.475  0.000  0.004
-0.004 -0.009  0.000  0.498 -0.000
 0.000  0.000  0.004 -0.000  0.316
atom   14   Tr[ns(na)]=   4.6345960
atom   14   spin  1
eigenvalues:  0.3114419 0.4762291 0.4780289 0.4998099 0.5517817
 eigenvectors
 1  -0.0000000 -0.0000000 -0.0318281  0.0000000  0.9994934
 2   0.0296515  0.9272507  0.0000000  0.3732653  0.0000000
 3  -0.0000000 -0.0000000  0.9994934 -0.0000000  0.0318281
 4  -0.0434115  0.3742718 -0.0000000 -0.9263024  0.0000000
 5   0.9986172 -0.0112622 -0.0000000 -0.0513511  0.0000000
 occupations
 0.552 -0.001 -0.000 -0.003  0.000
-0.001  0.480 -0.000 -0.008  0.000
-0.000 -0.000  0.478  0.000  0.005
-0.003 -0.008  0.000  0.497 -0.000
 0.000  0.000  0.005 -0.000  0.312
atom   14   spin  2
eigenvalues:  0.3114411 0.4762339 0.4780338 0.4998117 0.5517840
 eigenvectors
 1  -0.0000000 -0.0000000 -0.0318298  0.0000000  0.9994933
 2   0.0296598  0.9272436  0.0000000  0.3732821  0.0000000
 3  -0.0000000 -0.0000000  0.9994933 -0.0000000  0.0318298
 4  -0.0434119  0.3742890 -0.0000000 -0.9262954  0.0000000
 5   0.9986169 -0.0112688 -0.0000000 -0.0513548  0.0000000
 occupations
 0.552 -0.001 -0.000 -0.003  0.000
-0.001  0.480 -0.000 -0.008  0.000
-0.000 -0.000  0.478  0.000  0.005
-0.003 -0.008  0.000  0.497 -0.000
 0.000  0.000  0.005 -0.000  0.312
atom   15   Tr[ns(na)]=   4.6400804
atom   15   spin  1
eigenvalues:  0.3156278 0.4745742 0.4774963 0.5015831 0.5507778
 eigenvectors
 1   0.0008485 -0.0001979 -0.0245039  0.0012342  0.9996986
 2  -0.0001800 -0.0011011  0.9996699  0.0076753  0.0244936
 3  -0.0465355 -0.9151348  0.0020484 -0.4004476  0.0004029
 4   0.0764600 -0.4029729 -0.0073965  0.9119813 -0.0014518
 5   0.9959857 -0.0118224  0.0008651 -0.0887210 -0.0007170
 occupations
 0.550 -0.002  0.000 -0.005 -0.000
-0.002  0.481  0.000 -0.009  0.000
 0.000  0.000  0.474 -0.000  0.004
-0.005 -0.009 -0.000  0.498 -0.000
-0.000  0.000  0.004 -0.000  0.316
atom   15   spin  2
eigenvalues:  0.3156244 0.4745595 0.4774840 0.5015796 0.5507737
 eigenvectors
 1   0.0008482 -0.0001977 -0.0245060  0.0012349  0.9996985
 2  -0.0001970 -0.0014407  0.9996703  0.0075539  0.0244959
 3  -0.0465183 -0.9151918  0.0016872 -0.4003211  0.0003944
 4   0.0764734 -0.4028427 -0.0074216  0.9120375 -0.0014531
 5   0.9959855 -0.0118140  0.0008672 -0.0887246 -0.0007165
 occupations
 0.550 -0.002  0.000 -0.005 -0.000
-0.002  0.481  0.000 -0.009  0.000
 0.000  0.000  0.474 -0.000  0.004
-0.005 -0.009 -0.000  0.498 -0.000
-0.000  0.000  0.004 -0.000  0.316
atom   16   Tr[ns(na)]=   4.6376040
atom   16   spin  1
eigenvalues:  0.3123480 0.4760274 0.4779001 0.5007402 0.5517872
 eigenvectors
 1   0.0023002 -0.0002359 -0.0295347  0.0016393  0.9995597
 2   0.0047286  0.0605445  0.9964996  0.0493781  0.0293667
 3  -0.0456636 -0.8971203  0.0760837 -0.4327737  0.0028512
 4   0.0692347 -0.4374796 -0.0180984  0.8963735 -0.0022674
 5   0.9965409 -0.0110008  0.0000835 -0.0823443 -0.0021584
 occupations
 0.551 -0.002 -0.000 -0.005 -0.001
-0.002  0.482  0.000 -0.009  0.000
-0.000  0.000  0.476 -0.000  0.005
-0.005 -0.009 -0.000  0.497 -0.000
-0.001  0.000  0.005 -0.000  0.312
atom   16   spin  2
eigenvalues:  0.3123479 0.4760272 0.4778994 0.5007400 0.5517867
 eigenvectors
 1   0.0023004 -0.0002357 -0.0295344  0.0016395  0.9995597
 2   0.0047277  0.0605363  0.9965003  0.0493734  0.0293664
 3  -0.0456637 -0.8971243  0.0760742 -0.4327671  0.0028512
 4   0.0692347 -0.4374725 -0.0180983  0.8963770 -0.0022675
 5   0.9965409 -0.0110015  0.0000840 -0.0823442 -0.0021585
 occupations
 0.551 -0.002 -0.000 -0.005 -0.001
-0.002  0.482  0.000 -0.009  0.000
-0.000  0.000  0.476 -0.000  0.005
-0.005 -0.009 -0.000  0.497 -0.000
-0.001  0.000  0.005 -0.000  0.312
atom   17   Tr[ns(na)]=   4.6400804
atom   17   spin  1
eigenvalues:  0.3156278 0.4745742 0.4774963 0.5015831 0.5507778
 eigenvectors
 1  -0.0008485  0.0001979 -0.0245039 -0.0012342  0.9996986
 2  -0.0001800 -0.0011011 -0.9996699  0.0076753 -0.0244936
 3   0.0465355  0.9151348  0.0020484  0.4004476  0.0004029
 4   0.0764600 -0.4029729  0.0073965  0.9119813  0.0014518
 5   0.9959857 -0.0118224 -0.0008651 -0.0887210  0.0007170
 occupations
 0.550 -0.002 -0.000 -0.005  0.000
-0.002  0.481 -0.000 -0.009 -0.000
-0.000 -0.000  0.474  0.000  0.004
-0.005 -0.009  0.000  0.498  0.000
 0.000 -0.000  0.004  0.000  0.316
atom   17   spin  2
eigenvalues:  0.3156244 0.4745595 0.4774840 0.5015796 0.5507737
 eigenvectors
 1  -0.0008482  0.0001977 -0.0245060 -0.0012349  0.9996985
 2  -0.0001970 -0.0014407 -0.9996703  0.0075539 -0.0244959
 3   0.0465183  0.9151918  0.0016872  0.4003211  0.0003944
 4   0.0764734 -0.4028427  0.0074216  0.9120375  0.0014531
 5   0.9959855 -0.0118140 -0.0008672 -0.0887246  0.0007165
 occupations
 0.550 -0.002 -0.000 -0.005  0.000
-0.002  0.481 -0.000 -0.009 -0.000
-0.000 -0.000  0.474  0.000  0.004
-0.005 -0.009  0.000  0.498  0.000
 0.000 -0.000  0.004  0.000  0.316
atom   18   Tr[ns(na)]=   4.6376040
atom   18   spin  1
eigenvalues:  0.3123480 0.4760274 0.4779001 0.5007402 0.5517872
 eigenvectors
 1  -0.0023002  0.0002359 -0.0295347 -0.0016393  0.9995597
 2   0.0047286  0.0605445 -0.9964996  0.0493781 -0.0293667
 3   0.0456636  0.8971203  0.0760837  0.4327737  0.0028512
 4   0.0692347 -0.4374796  0.0180984  0.8963735  0.0022674
 5   0.9965409 -0.0110008 -0.0000835 -0.0823443  0.0021584
 occupations
 0.551 -0.002  0.000 -0.005  0.001
-0.002  0.482 -0.000 -0.009 -0.000
 0.000 -0.000  0.476  0.000  0.005
-0.005 -0.009  0.000  0.497  0.000
 0.001 -0.000  0.005  0.000  0.312
atom   18   spin  2
eigenvalues:  0.3123479 0.4760272 0.4778994 0.5007400 0.5517867
 eigenvectors
 1  -0.0023004  0.0002357 -0.0295344 -0.0016395  0.9995597
 2   0.0047277  0.0605363 -0.9965003  0.0493734 -0.0293664
 3   0.0456637  0.8971243  0.0760742  0.4327671  0.0028512
 4   0.0692347 -0.4374725  0.0180983  0.8963770  0.0022675
 5   0.9965409 -0.0110015 -0.0000840 -0.0823442  0.0021585
 occupations
 0.551 -0.002  0.000 -0.005  0.001
-0.002  0.482 -0.000 -0.009 -0.000
 0.000 -0.000  0.476  0.000  0.005
-0.005 -0.009  0.000  0.497  0.000
 0.001 -0.000  0.005  0.000  0.312
atom   19   Tr[ns(na)]=   4.6330393
atom   19   spin  1
eigenvalues:  0.3056044 0.4785085 0.4795937 0.5008800 0.5519424
 eigenvectors
 1   0.0047155  0.0019515 -0.0360444 -0.0015459  0.9993360
 2  -0.0054839 -0.1091587 -0.9906181 -0.0739075 -0.0356052
 3  -0.0332472 -0.9281946  0.1281860 -0.3476796  0.0060551
 4   0.0321905 -0.3551522 -0.0307391  0.9337478  0.0008774
 5  -0.9989024  0.0200571  0.0000112  0.0420613  0.0047398
 occupations
 0.552 -0.002  0.000 -0.002 -0.001
-0.002  0.482  0.000 -0.007 -0.000
 0.000  0.000  0.478 -0.001  0.006
-0.002 -0.007 -0.001  0.498  0.000
-0.001 -0.000  0.006  0.000  0.306
atom   19   spin  2
eigenvalues:  0.3056068 0.4785007 0.4795848 0.5008781 0.5519398
 eigenvectors
 1   0.0047163  0.0019510 -0.0360391 -0.0015454  0.9993362
 2  -0.0054846 -0.1092605 -0.9906053 -0.0739319 -0.0355993
 3  -0.0332318 -0.9281990  0.1282884 -0.3476315  0.0060578
 4   0.0321966 -0.3551102 -0.0307319  0.9337639  0.0008771
 5  -0.9989027  0.0200428  0.0000104  0.0420608  0.0047406
 occupations
 0.552 -0.002  0.000 -0.002 -0.001
-0.002  0.482  0.000 -0.007 -0.000
 0.000  0.000  0.478 -0.001  0.006
-0.002 -0.007 -0.001  0.498  0.000
-0.001 -0.000  0.006  0.000  0.306
atom   20   Tr[ns(na)]=   4.6399119
atom   20   spin  1
eigenvalues:  0.3155657 0.4748371 0.4774745 0.5017801 0.5502958
 eigenvectors
 1   0.0010796 -0.0002010 -0.0251483  0.0013777  0.9996822
 2   0.0001296  0.0155794  0.9994566  0.0145751  0.0251255
 3  -0.0381766 -0.9264234  0.0198783 -0.3740137  0.0008705
 4   0.0706315 -0.3760569 -0.0075794  0.9238682 -0.0016158
 5   0.9967711 -0.0088365  0.0011957 -0.0797938 -0.0009382
 occupations
 0.550 -0.001  0.000 -0.004 -0.000
-0.001  0.481  0.000 -0.008  0.000
 0.000  0.000  0.475 -0.000  0.004
-0.004 -0.008 -0.000  0.499 -0.000
-0.000  0.000  0.004 -0.000  0.316
atom   20   spin  2
eigenvalues:  0.3155659 0.4748394 0.4774761 0.5017807 0.5502965
 eigenvectors
 1   0.0010785 -0.0002011 -0.0251490  0.0013764  0.9996822
 2   0.0001313  0.0156129  0.9994559  0.0145882  0.0251262
 3  -0.0381783 -0.9264173  0.0199144 -0.3740267  0.0008708
 4   0.0706317 -0.3760705 -0.0075788  0.9238626 -0.0016145
 5   0.9967710 -0.0088369  0.0011953 -0.0797948 -0.0009372
 occupations
 0.550 -0.001  0.000 -0.004 -0.000
-0.001  0.481  0.000 -0.008  0.000
 0.000  0.000  0.475 -0.000  0.004
-0.004 -0.008 -0.000  0.499 -0.000
-0.000  0.000  0.004 -0.000  0.316
atom   21   Tr[ns(na)]=   4.6330393
atom   21   spin  1
eigenvalues:  0.3056044 0.4785085 0.4795937 0.5008800 0.5519424
 eigenvectors
 1  -0.0047155 -0.0019515 -0.0360444  0.0015459  0.9993360
 2  -0.0054839 -0.1091587  0.9906181 -0.0739075  0.0356052
 3   0.0332472  0.9281946  0.1281860  0.3476796  0.0060551
 4   0.0321905 -0.3551522  0.0307391  0.9337478 -0.0008774
 5  -0.9989024  0.0200571 -0.0000112  0.0420613 -0.0047398
 occupations
 0.552 -0.002 -0.000 -0.002  0.001
-0.002  0.482 -0.000 -0.007  0.000
-0.000 -0.000  0.478  0.001  0.006
-0.002 -0.007  0.001  0.498 -0.000
 0.001  0.000  0.006 -0.000  0.306
atom   21   spin  2
eigenvalues:  0.3056068 0.4785007 0.4795848 0.5008781 0.5519398
 eigenvectors
 1  -0.0047163 -0.0019510 -0.0360391  0.0015454  0.9993362
 2  -0.0054846 -0.1092605  0.9906053 -0.0739319  0.0355993
 3   0.0332318  0.9281990  0.1282884  0.3476315  0.0060578
 4   0.0321966 -0.3551102  0.0307319  0.9337639 -0.0008771
 5  -0.9989027  0.0200428 -0.0000104  0.0420608 -0.0047406
 occupations
 0.552 -0.002 -0.000 -0.002  0.001
-0.002  0.482 -0.000 -0.007  0.000
-0.000 -0.000  0.478  0.001  0.006
-0.002 -0.007  0.001  0.498 -0.000
 0.001  0.000  0.006 -0.000  0.306
atom   22   Tr[ns(na)]=   4.6399119
atom   22   spin  1
eigenvalues:  0.3155657 0.4748371 0.4774745 0.5017801 0.5502958
 eigenvectors
 1  -0.0010796  0.0002010 -0.0251483 -0.0013777  0.9996822
 2   0.0001296  0.0155794 -0.9994566  0.0145751 -0.0251255
 3   0.0381766  0.9264234  0.0198783  0.3740137  0.0008705
 4   0.0706315 -0.3760569  0.0075794  0.9238682  0.0016158
 5   0.9967711 -0.0088365 -0.0011957 -0.0797938  0.0009382
 occupations
 0.550 -0.001 -0.000 -0.004  0.000
-0.001  0.481 -0.000 -0.008 -0.000
-0.000 -0.000  0.475  0.000  0.004
-0.004 -0.008  0.000  0.499  0.000
 0.000 -0.000  0.004  0.000  0.316
atom   22   spin  2
eigenvalues:  0.3155659 0.4748394 0.4774761 0.5017807 0.5502965
 eigenvectors
 1  -0.0010785  0.0002011 -0.0251490 -0.0013764  0.9996822
 2   0.0001313  0.0156129 -0.9994559  0.0145882 -0.0251262
 3   0.0381783  0.9264173  0.0199144  0.3740267  0.0008708
 4   0.0706317 -0.3760705  0.0075788  0.9238626  0.0016145
 5   0.9967710 -0.0088369 -0.0011953 -0.0797948  0.0009372
 occupations
 0.550 -0.001 -0.000 -0.004  0.000
-0.001  0.481 -0.000 -0.008 -0.000
-0.000 -0.000  0.475  0.000  0.004
-0.004 -0.008  0.000  0.499  0.000
 0.000 -0.000  0.004  0.000  0.316
atom   23   Tr[ns(na)]=   4.6376212
atom   23   spin  1
eigenvalues:  0.3111527 0.4755817 0.4791887 0.5010018 0.5518832
 eigenvectors
 1  -0.0000000 -0.0000000 -0.0300412  0.0000000  0.9995487
 2   0.0000000  0.0000000  0.9995487  0.0000000  0.0300412
 3  -0.0487769 -0.9066718  0.0000000 -0.4190073  0.0000000
 4  -0.0729798  0.4216205 -0.0000000 -0.9038308  0.0000000
 5   0.9961399 -0.0135069 -0.0000000 -0.0867341  0.0000000
 occupations
 0.551 -0.002 -0.000 -0.005  0.000
-0.002  0.483 -0.000 -0.008  0.000
-0.000 -0.000  0.475  0.000  0.005
-0.005 -0.008  0.000  0.498 -0.000
 0.000  0.000  0.005 -0.000  0.311
atom   23   spin  2
eigenvalues:  0.3111529 0.4755826 0.4791910 0.5010025 0.5518840
 eigenvectors
 1  -0.0000000 -0.0000000 -0.0300417  0.0000000  0.9995486
 2   0.0000000  0.0000000  0.9995486  0.0000000  0.0300417
 3  -0.0487827 -0.9066597  0.0000000 -0.4190328  0.0000000
 4  -0.0729782  0.4216465 -0.0000000 -0.9038188  0.0000000
 5   0.9961398 -0.0135105 -0.0000000 -0.0867354  0.0000000
 occupations
 0.551 -0.002 -0.000 -0.005  0.000
-0.002  0.483 -0.000 -0.008  0.000
-0.000 -0.000  0.475  0.000  0.005
-0.005 -0.008  0.000  0.498 -0.000
 0.000  0.000  0.005 -0.000  0.311
atom   24   Tr[ns(na)]=   4.6399795
atom   24   spin  1
eigenvalues:  0.3151778 0.4744831 0.4779563 0.5016005 0.5507891
 eigenvectors
 1  -0.0000000 -0.0000000 -0.0246769  0.0000000  0.9996955
 2   0.0000000  0.0000000  0.9996955  0.0000000  0.0246769
 3   0.0470644  0.9162723 -0.0000000  0.3977815 -0.0000000
 4  -0.0784981  0.4003839 -0.0000000 -0.9129791  0.0000000
 5  -0.9958027  0.0117437  0.0000000  0.0907695 -0.0000000
 occupations
 0.550 -0.002 -0.000 -0.005  0.000
-0.002  0.482 -0.000 -0.009  0.000
-0.000 -0.000  0.474  0.000  0.004
-0.005 -0.009  0.000  0.498 -0.000
 0.000  0.000  0.004 -0.000  0.315
atom   24   spin  2
eigenvalues:  0.3151727 0.4744676 0.4779495 0.5015976 0.5507855
 eigenvectors
 1  -0.0000000 -0.0000000 -0.0246823  0.0000000  0.9996953
 2   0.0000000  0.0000000  0.9996953  0.0000000  0.0246823
 3   0.0470573  0.9163043 -0.0000000  0.3977085 -0.0000000
 4  -0.0785109  0.4003107 -0.0000000 -0.9130101  0.0000000
 5  -0.9958020  0.0117393  0.0000000  0.0907774 -0.0000000
 occupations
 0.550 -0.002 -0.000 -0.005  0.000
-0.002  0.482 -0.000 -0.009  0.000
-0.000 -0.000  0.474  0.000  0.004
-0.005 -0.009  0.000  0.498 -0.000
 0.000  0.000  0.004 -0.000  0.315
nsum = 111.2813762
 exit write_ns
 Atomic wfc used for LDA+U Projector are NOT orthogonalized
     Starting wfc from file
 
  total number of bands =          806
  band subset =            1  ...          806
  number of bands in subset =          806

     starting charge  672.00000
 LDA+U - reading occupations
  0.549018086270771       1.952989634697549E-003 -5.759982336779735E-003
 -2.259412060855586E-002  1.258942612494541E-002  1.952989634697549E-003
  0.495038654528062      -1.672865848286466E-003  5.762870276978796E-003
 -5.153070511212986E-004 -5.759982336779735E-003 -1.672865848286466E-003
  0.466303634176722      -2.031678654627562E-002  5.297786863749642E-003
 -2.259412060855586E-002  5.762870276978796E-003 -2.031678654627562E-002
  0.476903870141941       2.618778265220065E-002  1.258942612494541E-002
 -5.153070511212986E-004  5.297786863749642E-003  2.618778265220065E-002
  0.315713246513733       0.548989440525517       1.950914577323914E-003
 -5.756570887991410E-003 -2.259459902564321E-002  1.258956482014631E-002
  1.950914577323914E-003  0.494954327953015      -1.678022902193469E-003
  5.769726558384941E-003 -5.152877805175769E-004 -5.756570887991410E-003
 -1.678022902193469E-003  0.466184112277299      -2.031592523506588E-002
  5.299126398835561E-003 -2.259459902564321E-002  5.769726558384941E-003
 -2.031592523506588E-002  0.476886420850633       2.618556799004921E-002
  1.258956482014631E-002 -5.152877805175769E-004  5.299126398835561E-003
  2.618556799004921E-002  0.315696239755273       0.548219671337854     
  2.271981654981472E-003  1.573843646417032E-003 -5.209193126997264E-003
  3.128730807273876E-004  2.271981654981472E-003  0.480474316575335     
 -5.431006476327314E-004  8.569453308262188E-003  1.495518094359375E-004
  1.573843646417032E-003 -5.431006476327314E-004  0.471103342447448     
 -5.357512785255622E-004 -2.554657364188186E-003 -5.209193126997264E-003
  8.569453308262188E-003 -5.357512785255622E-004  0.500778736921410     
  9.260654148094613E-004  3.128730807273876E-004  1.495518094359375E-004
 -2.554657364188186E-003  9.260654148094613E-004  0.320868016814670     
  0.548220314834099       2.272109830965685E-003  1.573874587446798E-003
 -5.209251054710525E-003  3.128526764176363E-004  2.272109830965685E-003
  0.480476660763224      -5.430847550191655E-004  8.569314167640417E-003
  1.495487198709581E-004  1.573874587446798E-003 -5.430847550191655E-004
  0.471106117055166      -5.357516103995781E-004 -2.554769012518351E-003
 -5.209251054710525E-003  8.569314167640417E-003 -5.357516103995781E-004
  0.500779554964730       9.260234533095013E-004  3.128526764176363E-004
  1.495487198709581E-004 -2.554769012518351E-003  9.260234533095013E-004
  0.320869039090891       0.549018086270771       1.952989634697543E-003
  5.759982336779014E-003 -2.259412060855593E-002 -1.258942612494349E-002
  1.952989634697543E-003  0.495038654528062       1.672865848285029E-003
  5.762870276978781E-003  5.153070511227133E-004  5.759982336779014E-003
  1.672865848285029E-003  0.466303634176722       2.031678654627712E-002
  5.297786863749572E-003 -2.259412060855593E-002  5.762870276978781E-003
  2.031678654627712E-002  0.476903870141941      -2.618778265220342E-002
 -1.258942612494349E-002  5.153070511227133E-004  5.297786863749572E-003
 -2.618778265220342E-002  0.315713246513733       0.548989440525517     
  1.950914577323908E-003  5.756570887990689E-003 -2.259459902564328E-002
 -1.258956482014439E-002  1.950914577323908E-003  0.494954327953015     
  1.678022902192032E-003  5.769726558384926E-003  5.152877805189914E-004
  5.756570887990689E-003  1.678022902192032E-003  0.466184112277299     
  2.031592523506738E-002  5.299126398835492E-003 -2.259459902564328E-002
  5.769726558384926E-003  2.031592523506738E-002  0.476886420850633     
 -2.618556799005197E-002 -1.258956482014439E-002  5.152877805189914E-004
  5.299126398835492E-003 -2.618556799005197E-002  0.315696239755273     
  0.548219671337854       2.271981654981471E-003 -1.573843646417772E-003
 -5.209193126997269E-003 -3.128730807254564E-004  2.271981654981471E-003
  0.480474316575335       5.431006476313331E-004  8.569453308262188E-003
 -1.495518094345622E-004 -1.573843646417772E-003  5.431006476313331E-004
  0.471103342447448       5.357512785271556E-004 -2.554657364188188E-003
 -5.209193126997269E-003  8.569453308262188E-003  5.357512785271556E-004
  0.500778736921410      -9.260654148122904E-004 -3.128730807254564E-004
 -1.495518094345622E-004 -2.554657364188188E-003 -9.260654148122904E-004
  0.320868016814670       0.548220314834099       2.272109830965683E-003
 -1.573874587447539E-003 -5.209251054710528E-003 -3.128526764157051E-004
  2.272109830965683E-003  0.480476660763224       5.430847550177672E-004
  8.569314167640417E-003 -1.495487198695828E-004 -1.573874587447539E-003
  5.430847550177672E-004  0.471106117055166       5.357516104011713E-004
 -2.554769012518352E-003 -5.209251054710528E-003  8.569314167640417E-003
  5.357516104011713E-004  0.500779554964730      -9.260234533123304E-004
 -3.128526764157051E-004 -1.495487198695828E-004 -2.554769012518352E-003
 -9.260234533123304E-004  0.320869039090891       0.551521841576732     
  1.785331657364661E-003 -3.707780463304221E-016 -7.707357886413483E-003
  9.557219968946344E-016  1.785331657364661E-003  0.485537945290050     
 -7.061759286494684E-016  8.316129358127932E-003  6.934035730579932E-016
 -3.707780463304221E-016 -7.061759286494684E-016  0.472172402846653     
  7.916461796454188E-016 -1.970114801316500E-003 -7.707357886413483E-003
  8.316129358127932E-003  7.916461796454188E-016  0.495341578516859     
 -1.393623989475450E-015  9.557219968946344E-016  6.934035730579932E-016
 -1.970114801316500E-003 -1.393623989475450E-015  0.315316879483964     
  0.551522521068450       1.785674636004012E-003 -3.707832421054766E-016
 -7.707884016821847E-003  9.557181549843289E-016  1.785674636004012E-003
  0.485541947658350      -7.061817414893967E-016  8.316019908506847E-003
  6.934088735334318E-016 -3.707832421054766E-016 -7.061817414893967E-016
  0.472173846772189       7.916520578426378E-016 -1.971524530233885E-003
 -7.707884016821847E-003  8.316019908506847E-003  7.916520578426378E-016
  0.495341743609896      -1.393616943466171E-015  9.557181549843289E-016
  6.934088735334318E-016 -1.971524530233885E-003 -1.393616943466171E-015
  0.315314043077065       0.549885619173713       1.931131031420084E-003
 -3.732621639784180E-016 -5.778017941408353E-003  9.588346856471280E-016
  1.931131031420084E-003  0.482089778827325      -7.015888688107210E-016
  8.724625655015215E-003  6.890143867956106E-016 -3.732621639784180E-016
 -7.015888688107210E-016  0.473090320566816       7.983796900161833E-016
 -3.215614706122713E-003 -5.778017941408353E-003  8.724625655015215E-003
  7.983796900161833E-016  0.498455083406183      -1.401805881368961E-015
  9.588346856471280E-016  6.890143867956106E-016 -3.215614706122713E-003
 -1.401805881368961E-015  0.317195835622826       0.549885919610657     
  1.931214569624402E-003 -3.732630531929645E-016 -5.777899787632368E-003
  9.588348860377666E-016  1.931214569624402E-003  0.482090450680900     
 -7.015897789775756E-016  8.724727571456418E-003  6.890152523670736E-016
 -3.732630531929645E-016 -7.015897789775756E-016  0.473090799110886     
  7.983806789022985E-016 -3.215829269407552E-003 -5.777899787632368E-003
  8.724727571456418E-003  7.983806789022985E-016  0.498455108979045     
 -1.401805716514414E-015  9.588348860377666E-016  6.890152523670736E-016
 -3.215829269407552E-003 -1.401805716514414E-015  0.317195774881241     
  0.548523604335156       3.238785244004583E-003 -3.727183764139625E-016
 -5.245545359537214E-003  9.692367939990932E-016  3.238785244004583E-003
  0.478188542588423      -6.955935637342614E-016  9.321785181252831E-003
  6.845725718119676E-016 -3.727183764139625E-016 -6.955935637342614E-016
  0.472473224188993       7.965446841332024E-016 -2.547897290525652E-003
 -5.245545359537214E-003  9.321785181252831E-003  7.965446841332024E-016
  0.500453343299981      -1.416304491187054E-015  9.692367939990932E-016
  6.845725718119676E-016 -2.547897290525652E-003 -1.416304491187054E-015
  0.321838431330834       0.548524861920272       3.238818565477839E-003
 -3.727207138615962E-016 -5.245555014730685E-003  9.692398999421546E-016
  3.238818565477839E-003  0.478190920221753      -6.955972615446591E-016
  9.321585149235397E-003  6.845761098141844E-016 -3.727207138615962E-016
 -6.955972615446591E-016  0.472475985767535       7.965480001383181E-016
 -2.547884919334433E-003 -5.245555014730685E-003  9.321585149235397E-003
  7.965480001383181E-016  0.500454176893367      -1.416308964895467E-015
  9.692398999421546E-016  6.845761098141844E-016 -2.547884919334433E-003
 -1.416308964895467E-015  0.321839559880758       0.552016971945497     
 -2.843764166968118E-003 -3.673417685724021E-016  3.601495685862080E-003
  9.937684730269491E-016 -2.843764166968118E-003  0.475447317981102     
 -6.810492220826521E-016  2.629772777408960E-002  6.668022445847956E-016
 -3.673417685724021E-016 -6.810492220826521E-016  0.481476345264764     
  7.636205826681738E-016 -3.390608339453416E-003  3.601495685862080E-003
  2.629772777408960E-002  7.636205826681738E-016  0.471753626923750     
