
     Program PWSCF v.4.3        starts on 11Sep2018 at  0:42: 3 

     This program is part of the open-source Quantum ESPRESSO suite
     for quantum simulation of materials; please cite
         "P. Giannozzi et al., J. Phys.:Condens. Matter 21 395502 (2009);
          URL http://www.quantum-espresso.org", 
     in publications or presentations arising from this work. More details at
     http://www.quantum-espresso.org/wiki/index.php/Citing_Quantum-ESPRESSO

     Parallel version (MPI), running on    64 processors
     R & G space division:  proc/pool =   64

     Current dimensions of program PWSCF are:
     Max number of different atomic species (ntypx) = **
     Max number of k-points (npk) =  40000
     Max angular momentum in pseudopotentials (lmaxx) =  3
     Waiting for input...

     Atomic positions and unit cell read from directory:
     ./v2o5.O31-FCH.save/
 

     Subspace diagonalization in iterative solution of the eigenvalue problem:
     parallel, distributed-memory algorithm (size of sub-group:  5*  5 procs)

 
   Stick Mesh
   ----------
   nst = 10457,  nstw =  1035, nsts =  4177
               n.st   n.stw   n.sts    n.g    n.gw   n.gs
   min         163      16      65    9923     312    2501
   max         164      17      66    9926     317    2526
      10457    1035    4177  635163   20075  160693
 


     bravais-lattice index     =           14
     lattice parameter (a_0)   =      21.7375  a.u.
     unit-cell volume          =    7238.1051 (a.u.)^3
     number of atoms/cell      =           84
     number of atomic types    =            3
     number of electrons       =       672.00
     number of Kohn-Sham states=          806
     kinetic-energy cutoff     =      30.0000  Ry
     charge density cutoff     =     300.0000  Ry
     Exchange-correlation      = SLA  PW   PBE  PBE (1434)
     EXX-fraction              =        0.00

     celldm(1)=  21.737520  celldm(2)=   0.927671  celldm(3)=   0.759628
     celldm(4)=   0.000000  celldm(5)=   0.000000  celldm(6)=   0.000000

     crystal axes: (cart. coord. in units of a_0)
               a(1) = (   1.000000   0.000000   0.000000 )  
               a(2) = (   0.000000   0.927671   0.000000 )  
               a(3) = (   0.000000   0.000000   0.759628 )  

     reciprocal axes: (cart. coord. in units 2 pi/a_0)
               b(1) = (  1.000000  0.000000  0.000000 )  
               b(2) = (  0.000000  1.077968  0.000000 )  
               b(3) = (  0.000000  0.000000  1.316434 )  


     PseudoPot. # 1 for O  read from file O.pbe-van_bm.UPF
     MD5 check sum: ca2828d9fb1f294809e918903b7648d1
     Pseudo is Ultrasoft, Zval =  6.0
     Generated by new atomic code, or converted to UPF format
     Using radial grid of  737 points,  4 beta functions with: 
                l(1) =   0
                l(2) =   0
                l(3) =   1
                l(4) =   1
     Q(r) pseudized with  8 coefficients,  rinner =    0.800   0.800   0.800


     PseudoPot. # 2 for V  read from file V.pbe-van-yufengl.UPF
     MD5 check sum: 105a573f738f0b837c178d5a4207921b
     Pseudo is Ultrasoft + core correction, Zval = 13.0
     Generated by new atomic code, or converted to UPF format
     Using radial grid of  853 points,  6 beta functions with: 
                l(1) =   0
                l(2) =   0
                l(3) =   1
                l(4) =   1
                l(5) =   2
                l(6) =   2
     Q(r) pseudized with  6 coefficients,  rinner =    1.000   1.000   1.000
                                                       1.000   1.000

     PseudoPot. # 3 for ox read from file O.pbe-van-dgp-1s1.UPF
     MD5 check sum: 2083901d62884ac3a15d661bda1575b3
     Pseudo is Ultrasoft, Zval =  7.0
     Generated by new atomic code, or converted to UPF format
     Using radial grid of  737 points,  4 beta functions with: 
                l(1) =   0
                l(2) =   0
                l(3) =   1
                l(4) =   1
     Q(r) pseudized with  8 coefficients,  rinner =    0.800   0.800   0.800


     atomic species   valence    mass     pseudopotential
        O              6.00    15.99900     O ( 1.00)
        V             13.00    50.94000     V ( 1.00)
        OX             7.00    15.99900     ox( 1.00)

     Starting magnetic structure 
     atomic species   magnetization
        O            0.000
        V            0.010
        OX           0.000

     LDA+U calculation, Hubbard_lmax = 2
     atomic species  L   Hubbard U  Hubbard alpha
        V            2    0.227846    0.000000

      2 Sym.Ops. (no inversion)


   Cartesian axes

     site n.     atom                  positions (a_0 units)
         1           V   tau(  1) = (   0.1483269   0.0000000   0.3388149  )
         2           V   tau(  2) = (   0.1483269   0.0000000   0.7186289  )
         3           V   tau(  3) = (   0.1483269   0.3092237   0.3388149  )
         4           V   tau(  4) = (   0.1483269   0.3092237   0.7186289  )
         5           V   tau(  5) = (   0.1483269   0.6184474   0.3388149  )
         6           V   tau(  6) = (   0.1483269   0.6184474   0.7186289  )
         7           V   tau(  7) = (   0.3516731   0.1546118   0.0409986  )
         8           V   tau(  8) = (   0.3516731   0.1546118   0.4208125  )
         9           V   tau(  9) = (   0.3516731   0.4638355   0.0409986  )
        10           V   tau( 10) = (   0.3516731   0.4638355   0.4208125  )
        11           V   tau( 11) = (   0.3516731   0.7730592   0.0409986  )
        12           V   tau( 12) = (   0.3516731   0.7730592   0.4208125  )
        13           V   tau( 13) = (   0.6483270   0.1546118   0.0409980  )
        14           V   tau( 14) = (   0.6483270   0.1546118   0.4208119  )
        15           V   tau( 15) = (   0.6483270   0.4638355   0.0409980  )
        16           V   tau( 16) = (   0.6483270   0.4638355   0.4208119  )
        17           V   tau( 17) = (   0.6483270   0.7730592   0.0409980  )
        18           V   tau( 18) = (   0.6483270   0.7730592   0.4208119  )
        19           V   tau( 19) = (   0.8516731   0.0000000   0.3388154  )
        20           V   tau( 20) = (   0.8516731   0.0000000   0.7186293  )
        21           V   tau( 21) = (   0.8516731   0.3092237   0.3388154  )
        22           V   tau( 22) = (   0.8516731   0.3092237   0.7186293  )
        23           V   tau( 23) = (   0.8516731   0.6184474   0.3388154  )
        24           V   tau( 24) = (   0.8516731   0.6184474   0.7186293  )
        25           O   tau( 25) = (   0.1813361   0.1546118   0.3796345  )
        26           O   tau( 26) = (   0.1813361   0.1546118   0.7594484  )
        27           O   tau( 27) = (   0.1813361   0.4638355   0.3796345  )
        28           O   tau( 28) = (   0.1813361   0.4638355   0.7594484  )
        29           O   tau( 29) = (   0.1813361   0.7730592   0.3796345  )
        30           O   tau( 30) = (   0.1813361   0.7730592   0.7594484  )
        31           OX  tau( 31) = (   0.3186639   0.0000000   0.0001795  )
        32           O   tau( 32) = (   0.3186639   0.0000000   0.3799935  )
        33           O   tau( 33) = (   0.3186639   0.3092237   0.0001795  )
        34           O   tau( 34) = (   0.3186639   0.3092237   0.3799935  )
        35           O   tau( 35) = (   0.3186639   0.6184474   0.0001795  )
        36           O   tau( 36) = (   0.3186639   0.6184474   0.3799935  )
        37           O   tau( 37) = (   0.6813362   0.0000000   0.0001795  )
        38           O   tau( 38) = (   0.6813362   0.0000000   0.3799935  )
        39           O   tau( 39) = (   0.6813362   0.3092237   0.0001795  )
        40           O   tau( 40) = (   0.6813362   0.3092237   0.3799935  )
        41           O   tau( 41) = (   0.6813362   0.6184474   0.0001795  )
        42           O   tau( 42) = (   0.6813362   0.6184474   0.3799935  )
        43           O   tau( 43) = (   0.8186639   0.1546118   0.3796345  )
        44           O   tau( 44) = (   0.8186639   0.1546118   0.7594485  )
        45           O   tau( 45) = (   0.8186639   0.4638355   0.3796345  )
        46           O   tau( 46) = (   0.8186639   0.4638355   0.7594485  )
        47           O   tau( 47) = (   0.8186639   0.7730592   0.3796345  )
        48           O   tau( 48) = (   0.8186639   0.7730592   0.7594485  )
        49           O   tau( 49) = (   0.8552736   0.0000000   0.2004983  )
        50           O   tau( 50) = (   0.8552736   0.0000000   0.5803123  )
        51           O   tau( 51) = (   0.8552736   0.3092237   0.2004983  )
        52           O   tau( 52) = (   0.8552736   0.3092237   0.5803123  )
        53           O   tau( 53) = (   0.8552736   0.6184474   0.2004983  )
        54           O   tau( 54) = (   0.8552736   0.6184474   0.5803123  )
        55           O   tau( 55) = (   0.6447264   0.1546118   0.1793162  )
        56           O   tau( 56) = (   0.6447264   0.1546118   0.5591301  )
        57           O   tau( 57) = (   0.6447264   0.4638355   0.1793162  )
        58           O   tau( 58) = (   0.6447264   0.4638355   0.5591301  )
        59           O   tau( 59) = (   0.6447264   0.7730592   0.1793162  )
        60           O   tau( 60) = (   0.6447264   0.7730592   0.5591301  )
        61           O   tau( 61) = (   0.3552736   0.1546118   0.1793157  )
        62           O   tau( 62) = (   0.3552736   0.1546118   0.5591297  )
        63           O   tau( 63) = (   0.3552736   0.4638355   0.1793157  )
        64           O   tau( 64) = (   0.3552736   0.4638355   0.5591297  )
        65           O   tau( 65) = (   0.3552736   0.7730592   0.1793157  )
        66           O   tau( 66) = (   0.3552736   0.7730592   0.5591297  )
        67           O   tau( 67) = (   0.5000000   0.1546118   0.3788864  )
        68           O   tau( 68) = (   0.5000000   0.1546118   0.7587004  )
        69           O   tau( 69) = (   0.5000000   0.4638355   0.3788864  )
        70           O   tau( 70) = (   0.5000000   0.4638355   0.7587004  )
        71           O   tau( 71) = (   0.5000000   0.7730592   0.3788864  )
        72           O   tau( 72) = (   0.5000000   0.7730592   0.7587004  )
        73           O   tau( 73) = (  -0.0000000   0.0000000   0.0009276  )
        74           O   tau( 74) = (  -0.0000000   0.0000000   0.3807415  )
        75           O   tau( 75) = (  -0.0000000   0.3092237   0.0009276  )
        76           O   tau( 76) = (  -0.0000000   0.3092237   0.3807415  )
        77           O   tau( 77) = (  -0.0000000   0.6184474   0.0009276  )
        78           O   tau( 78) = (  -0.0000000   0.6184474   0.3807415  )
        79           O   tau( 79) = (   0.1447264   0.0000000   0.2004987  )
        80           O   tau( 80) = (   0.1447264   0.0000000   0.5803126  )
        81           O   tau( 81) = (   0.1447264   0.3092237   0.2004987  )
        82           O   tau( 82) = (   0.1447264   0.3092237   0.5803126  )
        83           O   tau( 83) = (   0.1447264   0.6184474   0.2004987  )
        84           O   tau( 84) = (   0.1447264   0.6184474   0.5803126  )

     number of k points=     2  Fermi-Dirac smearing, width (Ry)=  0.0019
                       cart. coord. in units 2pi/a_0
        k(    1) = (   0.0000000   0.0000000   0.0000000), wk =   1.0000000
        k(    2) = (   0.0000000   0.0000000   0.0000000), wk =   1.0000000

     G cutoff = 3590.7196  ( 635163 G-vectors)     FFT grid: (120,120, 96)
     G cutoff = 1436.2879  ( 160693 G-vectors)  smooth grid: ( 75, 72, 60)

     Largest allocated arrays     est. size (Mb)     dimensions
        Kohn-Sham Wavefunctions         3.86 Mb     (    314, 806)
        Atomic wavefunctions            2.30 Mb     (    314, 480)
        NL pseudopotentials             4.37 Mb     (    314, 912)
        Each V/rho on FFT grid          0.88 Mb     (  28800,   2)
        Each G-vector array             0.08 Mb     (   9926)
        G-vector shells                 0.04 Mb     (   4971)
     Largest temporary arrays     est. size (Mb)     dimensions
        Auxiliary wavefunctions        15.45 Mb     (    314,3224)
        Each subspace H/S matrix      158.60 Mb     (   3224,3224)
        Each <psi_i|beta_j> matrix     11.22 Mb     (    912, 806)

     Check: negative/imaginary core charge=   -0.000004    0.000000

     The potential is recalculated from file :
     ./v2o5.O31-FCH.save/charge-density.dat


     negative rho (up, down):  0.118E-01 0.118E-01

     Parameters of the lda+U calculation:
     Number of iteration with fixed ns =  0
     Starting ns and Hubbard U :
 enter write_ns
U( 1) =  0.0000      U( 2) =  3.1000      U( 3) =  0.0000
alpha( 1) =  0.0000      alpha( 2) =  0.0000      alpha( 3) =  0.0000
atom    1   Tr[ns(na)]=   4.6429687
atom    1   spin  1
eigenvalues:  0.3217947 0.4725177 0.4744840 0.5035214 0.5491627
 eigenvectors
 1  -0.0000000 -0.0000000  0.0169088  0.0000000  0.9998570
 2   0.0000000 -0.0000000 -0.9998570  0.0000000  0.0169088
 3   0.0656055 -0.9348775  0.0000000  0.3488552 -0.0000000
 4  -0.0831590 -0.3535147 -0.0000000 -0.9317253  0.0000000
 5   0.9943744  0.0321159 -0.0000000 -0.1009360  0.0000000
 occupations
 0.549  0.003 -0.000 -0.005  0.000
 0.003  0.478 -0.000  0.009  0.000
-0.000 -0.000  0.472  0.000 -0.003
-0.005  0.009  0.000  0.500 -0.000
 0.000  0.000 -0.003 -0.000  0.322
atom    1   spin  2
eigenvalues:  0.3217956 0.4725204 0.4744862 0.5035221 0.5491639
 eigenvectors
 1  -0.0000000 -0.0000000  0.0169086  0.0000000  0.9998570
 2   0.0000000 -0.0000000 -0.9998570  0.0000000  0.0169086
 3   0.0656073 -0.9348729  0.0000000  0.3488671 -0.0000000
 4  -0.0831574 -0.3535267 -0.0000000 -0.9317208  0.0000000
 5   0.9943744  0.0321168 -0.0000000 -0.1009356  0.0000000
 occupations
 0.549  0.003 -0.000 -0.005  0.000
 0.003  0.478 -0.000  0.009  0.000
-0.000 -0.000  0.472  0.000 -0.003
-0.005  0.009  0.000  0.500 -0.000
 0.000  0.000 -0.003 -0.000  0.322
atom    2   Tr[ns(na)]=   4.6392527
atom    2   spin  1
eigenvalues:  0.3387938 0.4470388 0.4815585 0.4999614 0.5522213
 eigenvectors
 1  -0.0000000 -0.0000000  0.0237554  0.0000000  0.9997178
 2  -0.0435254 -0.6810059 -0.0000000  0.7309832 -0.0000000
 3  -0.0000000  0.0000000 -0.9997178 -0.0000000  0.0237554
 4   0.0071549 -0.7318703 -0.0000000 -0.6814064  0.0000000
 5   0.9990267 -0.0244284 -0.0000000  0.0367275  0.0000000
 occupations
 0.552 -0.003 -0.000  0.004  0.000
-0.003  0.475 -0.000  0.026  0.000
-0.000 -0.000  0.481  0.000 -0.003
 0.004  0.026  0.000  0.472 -0.000
 0.000  0.000 -0.003 -0.000  0.339
atom    2   spin  2
eigenvalues:  0.3387958 0.4470669 0.4815982 0.4999847 0.5522332
 eigenvectors
 1  -0.0000000 -0.0000000  0.0237715  0.0000000  0.9997174
 2  -0.0435245 -0.6807467 -0.0000000  0.7312247 -0.0000000
 3  -0.0000000  0.0000000 -0.9997174 -0.0000000  0.0237715
 4   0.0071340 -0.7321114  0.0000000 -0.6811475  0.0000000
 5   0.9990269 -0.0244300 -0.0000000  0.0367212  0.0000000
 occupations
 0.552 -0.003 -0.000  0.004  0.000
-0.003  0.475 -0.000  0.026  0.000
-0.000 -0.000  0.482  0.000 -0.003
 0.004  0.026  0.000  0.472 -0.000
 0.000  0.000 -0.003 -0.000  0.339
atom    3   Tr[ns(na)]=   4.6420437
atom    3   spin  1
eigenvalues:  0.3181995 0.4731389 0.4770893 0.5020176 0.5505777
 eigenvectors
 1   0.0015188  0.0004999  0.0201914  0.0035123  0.9997887
 2  -0.0031053  0.0254897 -0.9994528  0.0053257  0.0201579
 3   0.0553099 -0.9125546 -0.0213017  0.4046367 -0.0006191
 4  -0.0890090 -0.4079081 -0.0148906 -0.9085439  0.0038316
 5   0.9944879  0.0143232 -0.0032997 -0.1038100 -0.0010866
 occupations
 0.550  0.002 -0.000 -0.006 -0.000
 0.002  0.481  0.000  0.009 -0.000
-0.000  0.000  0.473  0.000 -0.003
-0.006  0.009  0.000  0.498 -0.001
-0.000 -0.000 -0.003 -0.001  0.318
atom    3   spin  2
eigenvalues:  0.3181999 0.4731372 0.4770887 0.5020175 0.5505775
 eigenvectors
 1   0.0015190  0.0005009  0.0201911  0.0035119  0.9997887
 2  -0.0031033  0.0254838 -0.9994530  0.0053307  0.0201576
 3   0.0553106 -0.9125554 -0.0212941  0.4046351 -0.0006181
 4  -0.0890068 -0.4079065 -0.0148929 -0.9085447  0.0038318
 5   0.9944881  0.0143248 -0.0032983 -0.1038083 -0.0010869
 occupations
 0.550  0.002 -0.000 -0.006 -0.000
 0.002  0.481  0.000  0.009 -0.000
-0.000  0.000  0.473  0.000 -0.003
-0.006  0.009  0.000  0.498 -0.001
-0.000 -0.000 -0.003 -0.001  0.318
atom    4   Tr[ns(na)]=   4.6415963
atom    4   spin  1
eigenvalues:  0.3181583 0.4733233 0.4779736 0.4992749 0.5520649
 eigenvectors
 1   0.0070754 -0.0005106  0.0215732  0.0115689  0.9996752
 2  -0.0329008  0.1620028  0.9630338 -0.2119294 -0.0180143
 3  -0.0638951  0.8179916 -0.2524033 -0.5127861  0.0122513
 4   0.0985909  0.5519368  0.0913872  0.8228925 -0.0119111
 5   0.9925043  0.0032074  0.0064429 -0.1218622 -0.0057518
 occupations
 0.551  0.001  0.001 -0.007 -0.002
 0.001  0.484  0.000  0.010 -0.000
 0.001  0.000  0.474  0.002 -0.003
-0.007  0.010  0.002  0.493 -0.002
-0.002 -0.000 -0.003 -0.002  0.318
atom    4   spin  2
eigenvalues:  0.3181582 0.4733258 0.4779757 0.4992756 0.5520659
 eigenvectors
 1   0.0070763 -0.0005112  0.0215747  0.0115700  0.9996751
 2  -0.0329077  0.1620494  0.9630151 -0.2119776 -0.0180144
 3  -0.0638983  0.8179736 -0.2524699 -0.5127817  0.0122541
 4   0.0985873  0.5519499  0.0913997  0.8228828 -0.0119120
 5   0.9925042  0.0032122  0.0064430 -0.1218627 -0.0057525
 occupations
 0.551  0.001  0.001 -0.007 -0.002
 0.001  0.484  0.000  0.010 -0.000
 0.001  0.000  0.474  0.002 -0.003
-0.007  0.010  0.002  0.493 -0.002
-0.002 -0.000 -0.003 -0.002  0.318
atom    5   Tr[ns(na)]=   4.6420437
atom    5   spin  1
eigenvalues:  0.3181995 0.4731389 0.4770893 0.5020176 0.5505777
 eigenvectors
 1  -0.0015188 -0.0004999  0.0201914 -0.0035123  0.9997887
 2  -0.0031053  0.0254897  0.9994528  0.0053257 -0.0201579
 3  -0.0553099  0.9125546 -0.0213017 -0.4046367 -0.0006191
 4  -0.0890090 -0.4079081  0.0148906 -0.9085439 -0.0038316
 5   0.9944879  0.0143232  0.0032997 -0.1038100  0.0010866
 occupations
 0.550  0.002  0.000 -0.006  0.000
 0.002  0.481 -0.000  0.009  0.000
 0.000 -0.000  0.473 -0.000 -0.003
-0.006  0.009 -0.000  0.498  0.001
 0.000  0.000 -0.003  0.001  0.318
atom    5   spin  2
eigenvalues:  0.3181999 0.4731372 0.4770887 0.5020175 0.5505775
 eigenvectors
 1  -0.0015190 -0.0005009  0.0201911 -0.0035119  0.9997887
 2  -0.0031033  0.0254838  0.9994530  0.0053307 -0.0201576
 3  -0.0553106  0.9125554 -0.0212941 -0.4046351 -0.0006181
 4  -0.0890068 -0.4079065  0.0148929 -0.9085447 -0.0038318
 5   0.9944881  0.0143248  0.0032983 -0.1038083  0.0010869
 occupations
 0.550  0.002  0.000 -0.006  0.000
 0.002  0.481 -0.000  0.009  0.000
 0.000 -0.000  0.473 -0.000 -0.003
-0.006  0.009 -0.000  0.498  0.001
 0.000  0.000 -0.003  0.001  0.318
atom    6   Tr[ns(na)]=   4.6415963
atom    6   spin  1
eigenvalues:  0.3181583 0.4733233 0.4779736 0.4992749 0.5520649
 eigenvectors
 1  -0.0070754  0.0005106  0.0215732 -0.0115689  0.9996752
 2  -0.0329008  0.1620028 -0.9630338 -0.2119294  0.0180143
 3   0.0638951 -0.8179916 -0.2524033  0.5127861  0.0122513
 4   0.0985909  0.5519368 -0.0913872  0.8228925  0.0119111
 5   0.9925043  0.0032074 -0.0064429 -0.1218622  0.0057518
 occupations
 0.551  0.001 -0.001 -0.007  0.002
 0.001  0.484 -0.000  0.010  0.000
-0.001 -0.000  0.474 -0.002 -0.003
-0.007  0.010 -0.002  0.493  0.002
 0.002  0.000 -0.003  0.002  0.318
atom    6   spin  2
eigenvalues:  0.3181582 0.4733258 0.4779757 0.4992756 0.5520659
 eigenvectors
 1  -0.0070763  0.0005112  0.0215747 -0.0115700  0.9996751
 2  -0.0329077  0.1620494 -0.9630151 -0.2119776  0.0180144
 3   0.0638983 -0.8179736 -0.2524699  0.5127817  0.0122541
 4   0.0985873  0.5519499 -0.0913997  0.8228828  0.0119120
 5   0.9925042  0.0032122 -0.0064430 -0.1218627  0.0057525
 occupations
 0.551  0.001 -0.001 -0.007  0.002
 0.001  0.484 -0.000  0.010  0.000
-0.001 -0.000  0.474 -0.002 -0.003
-0.007  0.010 -0.002  0.493  0.002
 0.002  0.000 -0.003  0.002  0.318
atom    7   Tr[ns(na)]=   4.6056829
atom    7   spin  1
eigenvalues:  0.3099546 0.4507621 0.4873554 0.4992947 0.5556151
 eigenvectors
 1  -0.0692538  0.0082505 -0.0578715 -0.1705994  0.9811639
 2  -0.1617034  0.0530162 -0.7720708 -0.5910133 -0.1601602
 3   0.1632735 -0.5864813 -0.5354857  0.5790652  0.0855565
 4   0.1235210  0.8081665 -0.3373611  0.4624913  0.0624398
 5  -0.9628812 -0.0052713 -0.0002571  0.2690435 -0.0211543
 occupations
 0.549  0.002 -0.006 -0.023  0.013
 0.002  0.495 -0.002  0.006 -0.001
-0.006 -0.002  0.466 -0.020  0.005
-0.023  0.006 -0.020  0.477  0.026
 0.013 -0.001  0.005  0.026  0.316
atom    7   spin  2
eigenvalues:  0.3099396 0.4506796 0.4872705 0.4992243 0.5555870
 eigenvectors
 1  -0.0692643  0.0082585 -0.0579371 -0.1706086  0.9811576
 2  -0.1614147  0.0528410 -0.7729268 -0.5900112 -0.1600750
 3   0.1633242 -0.5876001 -0.5341201  0.5791651  0.0856442
 4   0.1239509  0.8073654 -0.3375546  0.4636064  0.0626363
 5  -0.9628651 -0.0051897 -0.0003117  0.2691028 -0.0211547
 occupations
 0.549  0.002 -0.006 -0.023  0.013
 0.002  0.495 -0.002  0.006 -0.001
-0.006 -0.002  0.466 -0.020  0.005
-0.023  0.006 -0.020  0.477  0.026
 0.013 -0.001  0.005  0.026  0.316
atom    8   Tr[ns(na)]=   4.6428894
atom    8   spin  1
eigenvalues:  0.3208205 0.4710752 0.4771491 0.5035535 0.5488430
 eigenvectors
 1  -0.0016047 -0.0005813  0.0169900 -0.0051135  0.9998411
 2  -0.0226233  0.0679936  0.9972720 -0.0050657 -0.0169691
 3  -0.0540955  0.9322551 -0.0665769 -0.3514848 -0.0002111
 4  -0.0910267 -0.3548033  0.0173078 -0.9303225 -0.0054045
 5   0.9941194  0.0197879  0.0206845 -0.1044349  0.0007214
 occupations
 0.548  0.002  0.002 -0.005  0.000
 0.002  0.480 -0.001  0.009  0.000
 0.002 -0.001  0.471 -0.001 -0.003
-0.005  0.009 -0.001  0.501  0.001
 0.000  0.000 -0.003  0.001  0.321
atom    8   spin  2
eigenvalues:  0.3208213 0.4710778 0.4771512 0.5035543 0.5488436
 eigenvectors
 1  -0.0016046 -0.0005814  0.0169909 -0.0051132  0.9998411
 2  -0.0226246  0.0679972  0.9972717 -0.0050671 -0.0169699
 3  -0.0540994  0.9322492 -0.0665806 -0.3514992 -0.0002108
 4  -0.0910260 -0.3548180  0.0173087 -0.9303169 -0.0054042
 5   0.9941192  0.0197903  0.0206854 -0.1044359  0.0007213
 occupations
 0.548  0.002  0.002 -0.005  0.000
 0.002  0.480 -0.001  0.009  0.000
 0.002 -0.001  0.471 -0.001 -0.003
-0.005  0.009 -0.001  0.501  0.001
 0.000  0.000 -0.003  0.001  0.321
atom    9   Tr[ns(na)]=   4.6397788
atom    9   spin  1
eigenvalues:  0.3152937 0.4721965 0.4803709 0.4994644 0.5525650
 eigenvectors
 1  -0.0000000 -0.0000000  0.0125548  0.0000000  0.9999212
 2   0.0000000 -0.0000000 -0.9999212  0.0000000  0.0125548
 3   0.0771370 -0.8542156  0.0000000  0.5141649 -0.0000000
 4   0.1076468  0.5198223  0.0000000  0.8474650 -0.0000000
 5  -0.9911922 -0.0100227  0.0000000  0.1320511 -0.0000000
 occupations
 0.552  0.002 -0.000 -0.008  0.000
 0.002  0.486 -0.000  0.008  0.000
-0.000 -0.000  0.472  0.000 -0.002
-0.008  0.008  0.000  0.495 -0.000
 0.000  0.000 -0.002 -0.000  0.315
atom    9   spin  2
eigenvalues:  0.3152898 0.4721961 0.4803725 0.4994648 0.5525651
 eigenvectors
 1  -0.0000000 -0.0000000  0.0125634  0.0000000  0.9999211
 2   0.0000000 -0.0000000 -0.9999211  0.0000000  0.0125634
 3   0.0771521 -0.8541804  0.0000000  0.5142212 -0.0000000
 4   0.1076460  0.5198801  0.0000000  0.8474296 -0.0000000
 5  -0.9911912 -0.0100271  0.0000000  0.1320589 -0.0000000
 occupations
 0.552  0.002 -0.000 -0.008  0.000
 0.002  0.486 -0.000  0.008  0.000
-0.000 -0.000  0.472  0.000 -0.002
-0.008  0.008  0.000  0.495 -0.000
 0.000  0.000 -0.002 -0.000  0.315
atom   10   Tr[ns(na)]=   4.6414276
atom   10   spin  1
eigenvalues:  0.3171307 0.4731549 0.4780769 0.5018126 0.5505383
 eigenvectors
 1  -0.0000000 -0.0000000  0.0206116  0.0000000  0.9997876
 2   0.0000000 -0.0000000 -0.9997876  0.0000000  0.0206116
 3   0.0572427 -0.9118194  0.0000000  0.4065817 -0.0000000
 4   0.0925619  0.4103425  0.0000000  0.9072218 -0.0000000
 5  -0.9940601 -0.0142979  0.0000000  0.1078889 -0.0000000
 occupations
 0.550  0.002 -0.000 -0.006  0.000
 0.002  0.482 -0.000  0.009  0.000
-0.000 -0.000  0.473  0.000 -0.003
-0.006  0.009  0.000  0.498 -0.000
 0.000  0.000 -0.003 -0.000  0.317
atom   10   spin  2
eigenvalues:  0.3171305 0.4731551 0.4780774 0.5018128 0.5505386
 eigenvectors
 1  -0.0000000 -0.0000000  0.0206132  0.0000000  0.9997875
 2   0.0000000 -0.0000000 -0.9997875  0.0000000  0.0206132
 3   0.0572455 -0.9118152  0.0000000  0.4065907 -0.0000000
 4   0.0925582  0.4103517  0.0000000  0.9072180 -0.0000000
 5  -0.9940603 -0.0143008  0.0000000  0.1078868 -0.0000000
 occupations
 0.550  0.002 -0.000 -0.006  0.000
 0.002  0.482 -0.000  0.009  0.000
-0.000 -0.000  0.473  0.000 -0.003
-0.006  0.009  0.000  0.498 -0.000
 0.000  0.000 -0.003 -0.000  0.317
atom   11   Tr[ns(na)]=   4.6056829
atom   11   spin  1
eigenvalues:  0.3099546 0.4507621 0.4873554 0.4992947 0.5556151
 eigenvectors
 1   0.0692538 -0.0082505 -0.0578715  0.1705994  0.9811639
 2  -0.1617034  0.0530162  0.7720708 -0.5910133  0.1601602
 3  -0.1632735  0.5864813 -0.5354857 -0.5790652  0.0855565
 4   0.1235210  0.8081665  0.3373611  0.4624913 -0.0624398
 5  -0.9628812 -0.0052713  0.0002571  0.2690435  0.0211543
 occupations
 0.549  0.002  0.006 -0.023 -0.013
 0.002  0.495  0.002  0.006  0.001
 0.006  0.002  0.466  0.020  0.005
-0.023  0.006  0.020  0.477 -0.026
-0.013  0.001  0.005 -0.026  0.316
atom   11   spin  2
eigenvalues:  0.3099396 0.4506796 0.4872705 0.4992243 0.5555870
 eigenvectors
 1   0.0692643 -0.0082585 -0.0579371  0.1706086  0.9811576
 2  -0.1614147  0.0528410  0.7729268 -0.5900112  0.1600750
 3  -0.1633242  0.5876001 -0.5341201 -0.5791651  0.0856442
 4   0.1239509  0.8073654  0.3375546  0.4636064 -0.0626363
 5  -0.9628651 -0.0051897  0.0003117  0.2691028  0.0211547
 occupations
 0.549  0.002  0.006 -0.023 -0.013
 0.002  0.495  0.002  0.006  0.001
 0.006  0.002  0.466  0.020  0.005
-0.023  0.006  0.020  0.477 -0.026
-0.013  0.001  0.005 -0.026  0.316
atom   12   Tr[ns(na)]=   4.6428894
atom   12   spin  1
eigenvalues:  0.3208205 0.4710752 0.4771491 0.5035535 0.5488430
 eigenvectors
 1   0.0016047  0.0005813  0.0169900  0.0051135  0.9998411
 2  -0.0226233  0.0679936 -0.9972720 -0.0050657  0.0169691
 3   0.0540955 -0.9322551 -0.0665769  0.3514848 -0.0002111
 4  -0.0910267 -0.3548033 -0.0173078 -0.9303225  0.0054045
 5   0.9941194  0.0197879 -0.0206845 -0.1044349 -0.0007214
 occupations
 0.548  0.002 -0.002 -0.005 -0.000
 0.002  0.480  0.001  0.009 -0.000
-0.002  0.001  0.471  0.001 -0.003
-0.005  0.009  0.001  0.501 -0.001
-0.000 -0.000 -0.003 -0.001  0.321
atom   12   spin  2
eigenvalues:  0.3208213 0.4710778 0.4771512 0.5035543 0.5488436
 eigenvectors
 1   0.0016046  0.0005814  0.0169909  0.0051132  0.9998411
 2  -0.0226246  0.0679972 -0.9972717 -0.0050671  0.0169699
 3   0.0540994 -0.9322492 -0.0665806  0.3514992 -0.0002108
 4  -0.0910260 -0.3548180 -0.0173087 -0.9303169  0.0054042
 5   0.9941192  0.0197903 -0.0206854 -0.1044359 -0.0007213
 occupations
 0.548  0.002 -0.002 -0.005 -0.000
 0.002  0.480  0.001  0.009 -0.000
-0.002  0.001  0.471  0.001 -0.003
-0.005  0.009  0.001  0.501 -0.001
-0.000 -0.000 -0.003 -0.001  0.321
atom   13   Tr[ns(na)]=   4.6330313
atom   13   spin  1
eigenvalues:  0.3056051 0.4785075 0.4795932 0.5008805 0.5519400
 eigenvectors
 1   0.0047156  0.0019516 -0.0360442 -0.0015455  0.9993360
 2  -0.0054816 -0.1090844 -0.9906289 -0.0738727 -0.0356055
 3  -0.0332509 -0.9282222  0.1281027 -0.3476362  0.0060524
 4   0.0321899 -0.3551024 -0.0307394  0.9337668  0.0008769
 5  -0.9989023  0.0200627  0.0000113  0.0420609  0.0047398
 occupations
 0.552 -0.002  0.000 -0.002 -0.001
-0.002  0.482  0.000 -0.007 -0.000
 0.000  0.000  0.478 -0.001  0.006
-0.002 -0.007 -0.001  0.498  0.000
-0.001 -0.000  0.006  0.000  0.306
atom   13   spin  2
eigenvalues:  0.3056090 0.4784979 0.4795826 0.5008786 0.5519369
 eigenvectors
 1   0.0047167  0.0019510 -0.0360362 -0.0015450  0.9993363
 2  -0.0054813 -0.1091714 -0.9906187 -0.0738851 -0.0355971
 3  -0.0332344 -0.9282335  0.1281865 -0.3475767  0.0060542
 4   0.0322027 -0.3550472 -0.0307280  0.9337877  0.0008768
 5  -0.9989025  0.0200454  0.0000102  0.0420659  0.0047409
 occupations
 0.552 -0.002  0.000 -0.002 -0.001
-0.002  0.482  0.000 -0.007 -0.000
 0.000  0.000  0.478 -0.001  0.006
-0.002 -0.007 -0.001  0.498  0.000
-0.001 -0.000  0.006  0.000  0.306
atom   14   Tr[ns(na)]=   4.6399030
atom   14   spin  1
eigenvalues:  0.3155669 0.4748351 0.4774733 0.5017805 0.5502931
 eigenvectors
 1   0.0010798 -0.0002009 -0.0251466  0.0013780  0.9996822
 2   0.0001290  0.0155671  0.9994569  0.0145691  0.0251238
 3  -0.0381778 -0.9264446  0.0198642 -0.3739620  0.0008702
 4   0.0706387 -0.3760052 -0.0075796  0.9238886 -0.0016161
 5   0.9967705 -0.0088394  0.0011959 -0.0798004 -0.0009383
 occupations
 0.550 -0.001  0.000 -0.004 -0.000
-0.001  0.481  0.000 -0.008  0.000
 0.000  0.000  0.475 -0.000  0.004
-0.004 -0.008 -0.000  0.499 -0.000
-0.000  0.000  0.004 -0.000  0.316
atom   14   spin  2
eigenvalues:  0.3155671 0.4748374 0.4774747 0.5017811 0.5502939
 eigenvectors
 1   0.0010787 -0.0002011 -0.0251474  0.0013766  0.9996822
 2   0.0001310  0.0156105  0.9994560  0.0145862  0.0251246
 3  -0.0381794 -0.9264385  0.0199110 -0.3739743  0.0008707
 4   0.0706386 -0.3760183 -0.0075789  0.9238833 -0.0016147
 5   0.9967705 -0.0088398  0.0011956 -0.0798011 -0.0009373
 occupations
 0.550 -0.001  0.000 -0.004 -0.000
-0.001  0.481  0.000 -0.008  0.000
 0.000  0.000  0.475 -0.000  0.004
-0.004 -0.008 -0.000  0.499 -0.000
-0.000  0.000  0.004 -0.000  0.316
atom   15   Tr[ns(na)]=   4.6376115
atom   15   spin  1
eigenvalues:  0.3111536 0.4755799 0.4791877 0.5010020 0.5518807
 eigenvectors
 1  -0.0000000 -0.0000000 -0.0300402  0.0000000  0.9995487
 2   0.0000000  0.0000000  0.9995487  0.0000000  0.0300402
 3  -0.0487785 -0.9066955  0.0000000 -0.4189557  0.0000000
 4  -0.0729872  0.4215693 -0.0000000 -0.9038541  0.0000000
 5   0.9961393 -0.0135102 -0.0000000 -0.0867407  0.0000000
 occupations
 0.551 -0.002 -0.000 -0.005  0.000
-0.002  0.483 -0.000 -0.008  0.000
-0.000 -0.000  0.475  0.000  0.005
-0.005 -0.008  0.000  0.498 -0.000
 0.000  0.000  0.005 -0.000  0.311
atom   15   spin  2
eigenvalues:  0.3111535 0.4755803 0.4791898 0.5010026 0.5518813
 eigenvectors
 1  -0.0000000 -0.0000000 -0.0300407  0.0000000  0.9995487
 2   0.0000000  0.0000000  0.9995487  0.0000000  0.0300407
 3  -0.0487846 -0.9066847  0.0000000 -0.4189783  0.0000000
 4  -0.0729857  0.4215924 -0.0000000 -0.9038434  0.0000000
 5   0.9961391 -0.0135142 -0.0000000 -0.0867423  0.0000000
 occupations
 0.551 -0.002 -0.000 -0.005  0.000
-0.002  0.483 -0.000 -0.008  0.000
-0.000 -0.000  0.475  0.000  0.005
-0.005 -0.008  0.000  0.498 -0.000
 0.000  0.000  0.005 -0.000  0.311
atom   16   Tr[ns(na)]=   4.6399707
atom   16   spin  1
eigenvalues:  0.3151791 0.4744820 0.4779550 0.5016009 0.5507865
 eigenvectors
 1  -0.0000000 -0.0000000 -0.0246746  0.0000000  0.9996955
 2   0.0000000  0.0000000  0.9996955 -0.0000000  0.0246746
 3   0.0470666  0.9162952 -0.0000000  0.3977284 -0.0000000
 4  -0.0785048  0.4003313 -0.0000000 -0.9130016  0.0000000
 5  -0.9958021  0.0117483  0.0000000  0.0907758 -0.0000000
 occupations
 0.550 -0.002 -0.000 -0.005  0.000
-0.002  0.482 -0.000 -0.009  0.000
-0.000 -0.000  0.474  0.000  0.004
-0.005 -0.009  0.000  0.498 -0.000
 0.000  0.000  0.004 -0.000  0.315
atom   16   spin  2
eigenvalues:  0.3151733 0.4744646 0.4779488 0.5015978 0.5507827
 eigenvectors
 1  -0.0000000 -0.0000000 -0.0246811  0.0000000  0.9996954
 2   0.0000000  0.0000000  0.9996954  0.0000000  0.0246811
 3   0.0470619  0.9163261 -0.0000000  0.3976577 -0.0000000
 4  -0.0785195  0.4002606 -0.0000000 -0.9130313  0.0000000
 5  -0.9958011  0.0117451  0.0000000  0.0907865 -0.0000000
 occupations
 0.550 -0.002 -0.000 -0.005  0.000
-0.002  0.482 -0.000 -0.009  0.000
-0.000 -0.000  0.474  0.000  0.004
-0.005 -0.009  0.000  0.498 -0.000
 0.000  0.000  0.004 -0.000  0.315
atom   17   Tr[ns(na)]=   4.6330313
atom   17   spin  1
eigenvalues:  0.3056051 0.4785075 0.4795932 0.5008805 0.5519400
 eigenvectors
 1  -0.0047156 -0.0019516 -0.0360442  0.0015455  0.9993360
 2  -0.0054816 -0.1090844  0.9906289 -0.0738727  0.0356055
 3   0.0332509  0.9282222  0.1281027  0.3476362  0.0060524
 4   0.0321899 -0.3551024  0.0307394  0.9337668 -0.0008769
 5  -0.9989023  0.0200627 -0.0000113  0.0420609 -0.0047398
 occupations
 0.552 -0.002 -0.000 -0.002  0.001
-0.002  0.482 -0.000 -0.007  0.000
-0.000 -0.000  0.478  0.001  0.006
-0.002 -0.007  0.001  0.498 -0.000
 0.001  0.000  0.006 -0.000  0.306
atom   17   spin  2
eigenvalues:  0.3056090 0.4784979 0.4795826 0.5008786 0.5519369
 eigenvectors
 1  -0.0047167 -0.0019510 -0.0360362  0.0015450  0.9993363
 2  -0.0054813 -0.1091714  0.9906187 -0.0738851  0.0355971
 3   0.0332344  0.9282335  0.1281865  0.3475767  0.0060542
 4   0.0322027 -0.3550472  0.0307280  0.9337877 -0.0008768
 5  -0.9989025  0.0200454 -0.0000102  0.0420659 -0.0047409
 occupations
 0.552 -0.002 -0.000 -0.002  0.001
-0.002  0.482 -0.000 -0.007  0.000
-0.000 -0.000  0.478  0.001  0.006
-0.002 -0.007  0.001  0.498 -0.000
 0.001  0.000  0.006 -0.000  0.306
atom   18   Tr[ns(na)]=   4.6399030
atom   18   spin  1
eigenvalues:  0.3155669 0.4748351 0.4774733 0.5017805 0.5502931
 eigenvectors
 1  -0.0010798  0.0002009 -0.0251466 -0.0013780  0.9996822
 2   0.0001290  0.0155671 -0.9994569  0.0145691 -0.0251238
 3   0.0381778  0.9264446  0.0198642  0.3739620  0.0008702
 4   0.0706387 -0.3760052  0.0075796  0.9238886  0.0016161
 5   0.9967705 -0.0088394 -0.0011959 -0.0798004  0.0009383
 occupations
 0.550 -0.001 -0.000 -0.004  0.000
-0.001  0.481 -0.000 -0.008 -0.000
-0.000 -0.000  0.475  0.000  0.004
-0.004 -0.008  0.000  0.499  0.000
 0.000 -0.000  0.004  0.000  0.316
atom   18   spin  2
eigenvalues:  0.3155671 0.4748374 0.4774747 0.5017811 0.5502939
 eigenvectors
 1  -0.0010787  0.0002011 -0.0251474 -0.0013766  0.9996822
 2   0.0001310  0.0156105 -0.9994560  0.0145862 -0.0251246
 3   0.0381794  0.9264385  0.0199110  0.3739743  0.0008707
 4   0.0706386 -0.3760183  0.0075789  0.9238833  0.0016147
 5   0.9967705 -0.0088398 -0.0011956 -0.0798011  0.0009373
 occupations
 0.550 -0.001 -0.000 -0.004  0.000
-0.001  0.481 -0.000 -0.008 -0.000
-0.000 -0.000  0.475  0.000  0.004
-0.004 -0.008  0.000  0.499  0.000
 0.000 -0.000  0.004  0.000  0.316
atom   19   Tr[ns(na)]=   4.6400631
atom   19   spin  1
eigenvalues:  0.3160464 0.4749544 0.4770340 0.5017115 0.5502826
 eigenvectors
 1  -0.0000000 -0.0000000 -0.0247048  0.0000000  0.9996948
 2   0.0000000  0.0000000  0.9996948  0.0000000  0.0247048
 3  -0.0390833 -0.9232115  0.0000000 -0.3822996  0.0000000
 4  -0.0697318  0.3841791 -0.0000000 -0.9206215  0.0000000
 5   0.9967999 -0.0093225 -0.0000000 -0.0793922  0.0000000
 occupations
 0.550 -0.001 -0.000 -0.004  0.000
-0.001  0.481 -0.000 -0.009  0.000
-0.000 -0.000  0.475  0.000  0.004
-0.004 -0.009  0.000  0.498 -0.000
 0.000  0.000  0.004 -0.000  0.316
atom   19   spin  2
eigenvalues:  0.3160462 0.4749565 0.4770362 0.5017120 0.5502834
 eigenvectors
 1  -0.0000000 -0.0000000 -0.0247063  0.0000000  0.9996948
 2   0.0000000  0.0000000  0.9996948  0.0000000  0.0247063
 3  -0.0390886 -0.9232024  0.0000000 -0.3823210  0.0000000
 4  -0.0697332  0.3842009 -0.0000000 -0.9206123  0.0000000
 5   0.9967996 -0.0093250 -0.0000000 -0.0793957  0.0000000
 occupations
 0.550 -0.001 -0.000 -0.004  0.000
-0.001  0.481 -0.000 -0.009  0.000
-0.000 -0.000  0.475  0.000  0.004
-0.004 -0.009  0.000  0.498 -0.000
 0.000  0.000  0.004 -0.000  0.316
atom   20   Tr[ns(na)]=   4.6346014
atom   20   spin  1
eigenvalues:  0.3114399 0.4762301 0.4780308 0.4998093 0.5517841
 eigenvectors
 1  -0.0000000 -0.0000000 -0.0318302  0.0000000  0.9994933
 2   0.0296489  0.9272287  0.0000000  0.3733202  0.0000000
 3  -0.0000000 -0.0000000  0.9994933 -0.0000000  0.0318302
 4  -0.0434069  0.3743264 -0.0000000 -0.9262805  0.0000000
 5   0.9986174 -0.0112586 -0.0000000 -0.0513465  0.0000000
 occupations
 0.552 -0.001 -0.000 -0.003  0.000
-0.001  0.480 -0.000 -0.008  0.000
-0.000 -0.000  0.478  0.000  0.005
-0.003 -0.008  0.000  0.497 -0.000
 0.000  0.000  0.005 -0.000  0.312
atom   20   spin  2
eigenvalues:  0.3114386 0.4762352 0.4780358 0.4998110 0.5517865
 eigenvectors
 1  -0.0000000 -0.0000000 -0.0318327  0.0000000  0.9994932
 2   0.0296572  0.9272217  0.0000000  0.3733369  0.0000000
 3  -0.0000000 -0.0000000  0.9994932 -0.0000000  0.0318327
 4  -0.0434056  0.3743435 -0.0000000 -0.9262737  0.0000000
 5   0.9986172 -0.0112657 -0.0000000 -0.0513486  0.0000000
 occupations
 0.552 -0.001 -0.000 -0.003  0.000
-0.001  0.480 -0.000 -0.008  0.000
-0.000 -0.000  0.478  0.000  0.005
-0.003 -0.008  0.000  0.497 -0.000
 0.000  0.000  0.005 -0.000  0.312
atom   21   Tr[ns(na)]=   4.6400858
atom   21   spin  1
eigenvalues:  0.3156257 0.4745771 0.4774982 0.5015829 0.5507805
 eigenvectors
 1  -0.0008479  0.0001979 -0.0245074 -0.0012341  0.9996985
 2  -0.0001741 -0.0009971 -0.9996696  0.0077174 -0.0244971
 3   0.0465345  0.9151069  0.0021611  0.4005110  0.0004057
 4   0.0764512 -0.4030368  0.0073933  0.9119538  0.0014517
 5   0.9959864 -0.0118189 -0.0008641 -0.0887133  0.0007164
 occupations
 0.550 -0.002 -0.000 -0.005  0.000
-0.002  0.481 -0.000 -0.009 -0.000
-0.000 -0.000  0.474  0.000  0.004
-0.005 -0.009  0.000  0.498  0.000
 0.000 -0.000  0.004  0.000  0.316
atom   21   spin  2
eigenvalues:  0.3156225 0.4745603 0.4774841 0.5015788 0.5507758
 eigenvectors
 1  -0.0008490  0.0001976 -0.0245070 -0.0012360  0.9996985
 2  -0.0002012 -0.0015350 -0.9996704  0.0075210 -0.0244969
 3   0.0465159  0.9151727  0.0015879  0.4003654  0.0003926
 4   0.0764656 -0.4028858  0.0074292  0.9120191  0.0014543
 5   0.9959862 -0.0118107 -0.0008673 -0.0887170  0.0007172
 occupations
 0.550 -0.002 -0.000 -0.005  0.000
-0.002  0.481 -0.000 -0.009 -0.000
-0.000 -0.000  0.474  0.000  0.004
-0.005 -0.009  0.000  0.498  0.000
 0.000 -0.000  0.004  0.000  0.316
atom   22   Tr[ns(na)]=   4.6376099
atom   22   spin  1
eigenvalues:  0.3123459 0.4760296 0.4779010 0.5007399 0.5517898
 eigenvectors
 1  -0.0023002  0.0002361 -0.0295368 -0.0016393  0.9995597
 2   0.0047320  0.0606005 -0.9964943  0.0494138 -0.0293686
 3   0.0456611  0.8970888  0.0761510  0.4328275  0.0028533
 4   0.0692267 -0.4375366  0.0181014  0.8963463  0.0022676
 5   0.9965415 -0.0109971 -0.0000830 -0.0823368  0.0021584
 occupations
 0.551 -0.002  0.000 -0.005  0.001
-0.002  0.482 -0.000 -0.009 -0.000
 0.000 -0.000  0.476  0.000  0.005
-0.005 -0.009  0.000  0.497  0.000
 0.001 -0.000  0.005  0.000  0.312
atom   22   spin  2
eigenvalues:  0.3123457 0.4760289 0.4779003 0.5007395 0.5517892
 eigenvectors
 1  -0.0023005  0.0002357 -0.0295367 -0.0016397  0.9995597
 2   0.0047298  0.0605787 -0.9964962  0.0494029 -0.0293686
 3   0.0456625  0.8970943  0.0761263  0.4328203  0.0028531
 4   0.0692268 -0.4375283  0.0181017  0.8963503  0.0022678
 5   0.9965415 -0.0109989 -0.0000842 -0.0823374  0.0021586
 occupations
 0.551 -0.002  0.000 -0.005  0.001
-0.002  0.482 -0.000 -0.009 -0.000
 0.000 -0.000  0.476  0.000  0.005
-0.005 -0.009  0.000  0.497  0.000
 0.001 -0.000  0.005  0.000  0.312
atom   23   Tr[ns(na)]=   4.6400858
atom   23   spin  1
eigenvalues:  0.3156257 0.4745771 0.4774982 0.5015829 0.5507805
 eigenvectors
 1   0.0008479 -0.0001979 -0.0245074  0.0012341  0.9996985
 2  -0.0001741 -0.0009971  0.9996696  0.0077174  0.0244971
 3  -0.0465345 -0.9151069  0.0021611 -0.4005110  0.0004057
 4   0.0764512 -0.4030368 -0.0073933  0.9119538 -0.0014517
 5   0.9959864 -0.0118189  0.0008641 -0.0887133 -0.0007164
 occupations
 0.550 -0.002  0.000 -0.005 -0.000
-0.002  0.481  0.000 -0.009  0.000
 0.000  0.000  0.474 -0.000  0.004
-0.005 -0.009 -0.000  0.498 -0.000
-0.000  0.000  0.004 -0.000  0.316
atom   23   spin  2
eigenvalues:  0.3156225 0.4745603 0.4774841 0.5015788 0.5507758
 eigenvectors
 1   0.0008490 -0.0001976 -0.0245070  0.0012360  0.9996985
 2  -0.0002012 -0.0015350  0.9996704  0.0075210  0.0244969
